# Black CSL cell details:
#             84.0 atoms in cell
#    3.74165738677 xdim
#    1.73205080757 ydim
#    6.48074069841 zdim
2.93987366104 1.44337567297 0.154303349962 
0.534522483825 1.44337567297 0.617213399848 
5.55111512313e-17 0.866025403784 0.0 
1.87082869339 1.44337567297 1.08012344973 
1.33630620956 0.866025403784 0.462910049886 
3.20713490295 1.44337567297 1.54303349962 
2.67261241912 0.866025403784 0.925820099773 
2.1380899353 1.15470053838 0.308606699924 
2.1380899353 0.288675134595 0.308606699924 
3.47439614486 1.15470053838 0.77151674981 
3.47439614486 0.288675134595 0.77151674981 
2.93987366104 0.57735026919 0.154303349962 
0.801783725737 1.44337567297 2.00594354951 
0.267261241912 0.866025403784 1.38873014966 
2.1380899353 1.44337567297 2.46885359939 
1.60356745147 0.866025403784 1.85164019955 
1.06904496765 1.15470053838 1.2344267997 
1.06904496765 0.288675134595 1.2344267997 
0.534522483825 0.57735026919 0.617213399848 
0.0 0.0 0.0 
3.47439614486 1.44337567297 2.93176364928 
2.93987366104 0.866025403784 2.31455024943 
2.40535117721 1.15470053838 1.69733684958 
2.40535117721 0.288675134595 1.69733684958 
1.87082869339 0.57735026919 1.08012344973 
1.33630620956 0.0 0.462910049886 
3.20713490295 0.57735026919 1.54303349962 
2.67261241912 0.0 0.925820099773 
1.06904496765 1.44337567297 3.39467369917 
0.534522483825 0.866025403784 2.77746029932 
0.0 1.15470053838 2.16024689947 
-2.22044604925e-16 0.288675134595 2.16024689947 
2.40535117721 1.44337567297 3.85758374905 
1.87082869339 0.866025403784 3.2403703492 
1.33630620956 1.15470053838 2.62315694936 
1.33630620956 0.288675134595 2.62315694936 
0.801783725737 0.57735026919 2.00594354951 
0.267261241912 -1.11022302463e-16 1.38873014966 
3.20713490295 0.866025403784 3.70328039909 
2.67261241912 1.15470053838 3.08606699924 
2.67261241912 0.288675134595 3.08606699924 
2.1380899353 0.57735026919 2.46885359939 
1.60356745147 -2.22044604925e-16 1.85164019955 
3.47439614486 0.57735026919 2.93176364928 
2.93987366104 -4.4408920985e-16 2.31455024943 
0.0 1.44337567297 4.32049379894 
1.33630620956 1.44337567297 4.78340384882 
0.801783725737 0.866025403784 4.16619044898 
0.267261241912 1.15470053838 3.54897704913 
0.267261241912 0.288675134595 3.54897704913 
2.67261241912 1.44337567297 5.24631389871 
2.1380899353 0.866025403784 4.62910049886 
1.60356745147 1.15470053838 4.01188709901 
1.60356745147 0.288675134595 4.01188709901 
1.06904496765 0.57735026919 3.39467369917 
0.534522483825 -2.22044604925e-16 2.77746029932 
3.47439614486 0.866025403784 5.09201054875 
2.93987366104 1.15470053838 4.4747971489 
2.93987366104 0.288675134595 4.4747971489 
2.40535117721 0.57735026919 3.85758374905 
1.87082869339 -4.4408920985e-16 3.2403703492 
3.20713490295 -4.4408920985e-16 3.70328039909 
0.267261241912 1.44337567297 5.7092239486 
1.60356745147 1.44337567297 6.17213399848 
1.06904496765 0.866025403784 5.55492059864 
0.534522483825 1.15470053838 4.93770719879 
0.534522483825 0.288675134595 4.93770719879 
-4.4408920985e-16 0.57735026919 4.32049379894 
2.40535117721 0.866025403784 6.01783064852 
1.87082869339 1.15470053838 5.40061724867 
1.87082869339 0.288675134595 5.40061724867 
1.33630620956 0.57735026919 4.78340384882 
0.801783725737 -4.4408920985e-16 4.16619044898 
3.20713490295 1.15470053838 5.86352729856 
3.20713490295 0.288675134595 5.86352729856 
2.67261241912 0.57735026919 5.24631389871 
2.1380899353 -2.22044604925e-16 4.62910049886 
3.47439614486 -4.4408920985e-16 5.09201054875 
0.801783725737 1.15470053838 6.32643734845 
0.801783725737 0.288675134595 6.32643734845 
0.267261241912 0.57735026919 5.7092239486 
1.60356745147 0.57735026919 6.17213399848 
1.06904496765 -4.4408920985e-16 5.55492059864 
2.40535117721 -4.4408920985e-16 6.01783064852 
