# White CSL cell details:
#             82.0 atoms in cell
#              1.0 xdim
#    6.40312423743 ydim
#    6.40312423743 zdim
0.5 6.32503735649 5.70034230893 
0.5 6.1688635946 4.29477845194 
0.5 5.54416854705 5.07564726138 
0.5 4.91947349949 5.85651607082 
0.5 6.01268983271 2.88921459494 
0.5 5.38799478516 3.67008340438 
0.5 4.7632997376 4.45095221383 
0.5 4.13860469005 5.23182102327 
0.5 3.51390964249 6.01268983271 
0.5 5.85651607082 1.48365073794 
0.5 5.23182102327 2.26451954738 
0.5 4.60712597571 3.04538835683 
0.5 3.98243092816 3.82625716627 
0.5 3.35773588061 4.60712597571 
0.5 2.73304083305 5.38799478516 
0.5 2.1083457855 6.1688635946 
0.5 5.70034230893 0.0780868809443 
0.5 5.07564726138 0.858955690387 
0.5 4.45095221383 1.63982449983 
0.5 3.82625716627 2.42069330927 
0.5 3.20156211872 3.20156211872 
0.5 2.57686707116 3.98243092816 
0.5 1.95217202361 4.7632997376 
0.5 1.32747697605 5.54416854705 
0.5 0.702781928499 6.32503735649 
0.5 4.29477845194 0.234260642833 
0.5 3.67008340438 1.01512945228 
0.5 3.04538835683 1.79599826172 
0.5 2.42069330927 2.57686707116 
0.5 1.79599826172 3.35773588061 
0.5 1.17130321416 4.13860469005 
0.5 0.54660816661 4.91947349949 
0.5 2.88921459494 0.390434404722 
0.5 2.26451954738 1.17130321416 
0.5 1.63982449983 1.95217202361 
0.5 1.01512945228 2.73304083305 
0.5 0.390434404722 3.51390964249 
0.5 1.48365073794 0.54660816661 
0.5 0.858955690387 1.32747697605 
0.5 0.234260642833 2.1083457855 
0.5 0.0780868809443 0.702781928499 
0.0 6.24695047554 4.99756038044 
0.0 5.62225542799 5.77842918988 
0.0 6.09077671366 3.59199652344 
0.0 5.4660816661 4.37286533288 
0.0 4.84138661855 5.15373414232 
0.0 4.21669157099 5.93460295177 
0.0 5.93460295177 2.18643266644 
0.0 5.30990790421 2.96730147588 
0.0 4.68521285666 3.74817028533 
0.0 4.0605178091 4.52903909477 
0.0 3.43582276155 5.30990790421 
0.0 2.81112771399 6.09077671366 
0.0 5.77842918988 0.780868809443 
0.0 5.15373414232 1.56173761889 
0.0 4.52903909477 2.34260642833 
0.0 3.90434404722 3.12347523777 
0.0 3.27964899966 3.90434404722 
0.0 2.65495395211 4.68521285666 
0.0 2.03025890455 5.4660816661 
0.0 1.405563857 6.24695047554 
0.0 4.99756038044 0.156173761889 
0.0 4.37286533288 0.937042571332 
0.0 3.74817028533 1.71791138077 
0.0 3.12347523777 2.49878019022 
0.0 2.49878019022 3.27964899966 
0.0 1.87408514266 4.0605178091 
0.0 1.24939009511 4.84138661855 
0.0 0.624695047554 5.62225542799 
0.0 3.59199652344 0.312347523777 
0.0 2.96730147588 1.09321633322 
0.0 2.34260642833 1.87408514266 
0.0 1.71791138077 2.65495395211 
0.0 1.09321633322 3.43582276155 
0.0 0.468521285666 4.21669157099 
0.0 2.18643266644 0.468521285666 
0.0 1.56173761889 1.24939009511 
0.0 0.937042571332 2.03025890455 
0.0 0.312347523777 2.81112771399 
0.0 0.780868809443 0.624695047554 
0.0 0.156173761889 1.405563857 
0.0 0.0 0.0 
