# White CSL cell details:
#            514.0 atoms in cell
#    16.0312195419 xdim
#              1.0 ydim
#    16.0312195419 zdim
0.467837146164 0.5 15.5010041096 
0.405458860009 0.5 14.5029515311 
0.343080573853 0.5 13.5048989526 
0.280702287698 0.5 12.5068463741 
0.218324001543 0.5 11.5087937956 
0.155945715388 0.5 10.5107412171 
0.0935674292328 0.5 9.51268863867 
0.0311891430776 0.5 8.51463606018 
0.998052578483 0.0 15.9688412557 
1.46588972465 0.5 15.4386258234 
0.935674292328 0.0 14.9707886772 
1.40351143849 0.5 14.4405732449 
0.873296006173 0.0 13.9727360988 
1.34113315234 0.5 13.4425206664 
0.810917720017 0.0 12.9746835203 
1.27875486618 0.5 12.444468088 
0.748539433862 0.0 11.9766309418 
1.21637658003 0.5 11.4464155095 
0.686161147707 0.0 10.9785783633 
1.15399829387 0.5 10.448362931 
0.623782861552 0.0 9.98052578483 
1.09162000772 0.5 9.45031035251 
0.561404575397 0.0 8.98247320635 
1.02924172156 0.5 8.45225777403 
0.499026289241 0.0 7.98442062786 
0.966863435405 0.5 7.45420519554 
0.436648003086 0.0 6.98636804938 
0.90448514925 0.5 6.45615261706 
0.374269716931 0.0 5.9883154709 
0.842106863095 0.5 5.45810003858 
0.311891430776 0.0 4.99026289241 
0.77972857694 0.5 4.4600474601 
0.249513144621 0.0 3.99221031393 
0.717350290785 0.5 3.46199488161 
0.187134858466 0.0 2.99415773545 
0.654972004629 0.5 2.46394230313 
0.12475657231 0.0 1.99610515697 
0.592593718474 0.5 1.46588972465 
0.0623782861552 0.0 0.998052578483 
0.530215432319 0.5 0.467837146164 
0.0 0.0 0.0 
1.99610515697 0.0 15.9064629696 
2.46394230313 0.5 15.3762475373 
1.93372687081 0.0 14.9084103911 
2.40156401697 0.5 14.3781949588 
1.87134858466 0.0 13.9103578126 
2.33918573082 0.5 13.3801423803 
1.8089702985 0.0 12.9123052341 
2.27680744466 0.5 12.3820898018 
1.74659201235 0.0 11.9142526556 
2.21442915851 0.5 11.3840372233 
1.68421372619 0.0 10.9162000772 
2.15205087235 0.5 10.3859846448 
1.62183544003 0.0 9.91814749867 
2.0896725862 0.5 9.38793206635 
1.55945715388 0.0 8.92009492019 
2.02729430004 0.5 8.38987948787 
1.49707886772 0.0 7.92204234171 
1.96491601389 0.5 7.39182690939 
1.43470058157 0.0 6.92398976323 
1.90253772773 0.5 6.39377433091 
1.37232229541 0.0 5.92593718474 
1.84015944158 0.5 5.39572175242 
1.30994400926 0.0 4.92788460626 
1.77778115542 0.5 4.39766917394 
1.2475657231 0.0 3.92983202778 
1.71540286927 0.5 3.39961659546 
1.18518743695 0.0 2.93177944929 
1.65302458311 0.5 2.40156401697 
1.12280915079 0.0 1.93372687081 
1.59064629696 0.5 1.40351143849 
1.06043086464 0.0 0.935674292328 
1.5282680108 0.5 0.405458860009 
2.99415773545 0.0 15.8440846834 
3.46199488161 0.5 15.3138692511 
2.93177944929 0.0 14.8460321049 
3.39961659546 0.5 14.3158166726 
2.86940116314 0.0 13.8479795265 
3.3372383093 0.5 13.3177640941 
2.80702287698 0.0 12.849926948 
3.27486002315 0.5 12.3197115156 
2.74464459083 0.0 11.8518743695 
3.21248173699 0.5 11.3216589372 
2.68226630467 0.0 10.853821791 
3.15010345084 0.5 10.3236063587 
2.61988801852 0.0 9.85576921252 
3.08772516468 0.5 9.3255537802 
2.55750973236 0.0 8.85771663404 
3.02534687853 0.5 8.32750120172 
2.49513144621 0.0 7.85966405555 
2.96296859237 0.5 7.32944862323 
2.43275316005 0.0 6.86161147707 
2.90059030622 0.5 6.33139604475 
2.3703748739 0.0 5.86355889859 
2.83821202006 0.5 5.33334346627 
2.30799658774 0.0 4.8655063201 
2.77583373391 0.5 4.33529088779 
2.24561830159 0.0 3.86745374162 
2.71345544775 0.5 3.3372383093 
2.18324001543 0.0 2.86940116314 
2.6510771616 0.5 2.33918573082 
2.12086172928 0.0 1.87134858466 
2.58869887544 0.5 1.34113315234 
2.05848344312 0.0 0.873296006173 
2.52632058928 0.5 0.343080573853 
3.99221031393 0.0 15.7817063973 
4.4600474601 0.5 15.2514909649 
3.92983202778 0.0 14.7836538188 
4.39766917394 0.5 14.2534383865 
3.86745374162 0.0 13.7856012403 
4.33529088779 0.5 13.255385808 
3.80507545547 0.0 12.7875486618 
4.27291260163 0.5 12.2573332295 
3.74269716931 0.0 11.7894960833 
4.21053431547 0.5 11.259280651 
3.68031888316 0.0 10.7914435048 
4.14815602932 0.5 10.2612280725 
3.617940597 0.0 9.79339092636 
4.08577774316 0.5 9.26317549404 
3.55556231085 0.0 8.79533834788 
4.02339945701 0.5 8.26512291556 
3.49318402469 0.0 7.7972857694 
3.96102117085 0.5 7.26707033708 
3.43080573853 0.0 6.79923319091 
3.8986428847 0.5 6.2690177586 
3.36842745238 0.0 5.80118061243 
3.83626459854 0.5 5.27096518011 
3.30604916622 0.0 4.80312803395 
3.77388631239 0.5 4.27291260163 
3.24367088007 0.0 3.80507545547 
3.71150802623 0.5 3.27486002315 
3.18129259391 0.0 2.80702287698 
3.64912974008 0.5 2.27680744466 
3.11891430776 0.0 1.8089702985 
3.58675145392 0.5 1.27875486618 
3.0565360216 0.0 0.810917720017 
3.52437316777 0.5 0.280702287698 
4.99026289241 0.0 15.7193281111 
5.45810003858 0.5 15.1891126788 
4.92788460626 0.0 14.7212755326 
5.39572175242 0.5 14.1910601003 
4.8655063201 0.0 13.7232229541 
5.33334346627 0.5 13.1930075218 
4.80312803395 0.0 12.7251703757 
5.27096518011 0.5 12.1949549433 
4.74074974779 0.0 11.7271177972 
5.20858689396 0.5 11.1969023649 
4.67837146164 0.0 10.7290652187 
5.1462086078 0.5 10.1988497864 
4.61599317548 0.0 9.73101264021 
5.08383032165 0.5 9.20079720789 
4.55361488933 0.0 8.73296006173 
5.02145203549 0.5 8.20274462941 
4.49123660317 0.0 7.73490748324 
4.95907374934 0.5 7.20469205092 
4.42885831702 0.0 6.73685490476 
4.89669546318 0.5 6.20663947244 
4.36648003086 0.0 5.73880232628 
4.83431717703 0.5 5.20858689396 
4.30410174471 0.0 4.74074974779 
4.77193889087 0.5 4.21053431547 
4.24172345855 0.0 3.74269716931 
4.70956060472 0.5 3.21248173699 
4.1793451724 0.0 2.74464459083 
4.64718231856 0.5 2.21442915851 
4.11696688624 0.0 1.74659201235 
4.58480403241 0.5 1.21637658003 
4.05458860009 0.0 0.748539433862 
4.52242574625 0.5 0.218324001543 
5.9883154709 0.0 15.656949825 
6.45615261706 0.5 15.1267343926 
5.92593718474 0.0 14.6588972465 
6.39377433091 0.5 14.1286818141 
5.86355889859 0.0 13.660844668 
6.33139604475 0.5 13.1306292357 
5.80118061243 0.0 12.6627920895 
6.2690177586 0.5 12.1325766572 
5.73880232628 0.0 11.664739511 
6.20663947244 0.5 11.1345240787 
5.67642404012 0.0 10.6666869325 
6.14426118629 0.5 10.1364715002 
5.61404575397 0.0 9.66863435405 
6.08188290013 0.5 9.13841892173 
5.55166746781 0.0 8.67058177557 
6.01950461397 0.5 8.14036634325 
5.48928918166 0.0 7.67252919709 
5.95712632782 0.5 7.14231376477 
5.4269108955 0.0 6.6744766186 
5.89474804166 0.5 6.14426118629 
5.36453260935 0.0 5.67642404012 
5.83236975551 0.5 5.1462086078 
5.30215432319 0.0 4.67837146164 
5.76999146935 0.5 4.14815602932 
5.23977603704 0.0 3.68031888316 
5.7076131832 0.5 3.15010345084 
5.17739775088 0.0 2.68226630467 
5.64523489704 0.5 2.15205087235 
5.11501946472 0.0 1.68421372619 
5.58285661089 0.5 1.15399829387 
5.05264117857 0.0 0.686161147707 
5.52047832473 0.5 0.155945715388 
6.98636804938 0.0 15.5945715388 
7.45420519554 0.5 15.0643561065 
6.92398976323 0.0 14.5965189603 
7.39182690939 0.5 14.066303528 
6.86161147707 0.0 13.5984663818 
7.32944862323 0.5 13.0682509495 
6.79923319091 0.0 12.6004138033 
7.26707033708 0.5 12.070198371 
6.73685490476 0.0 11.6023612249 
7.20469205092 0.5 11.0721457925 
6.6744766186 0.0 10.6043086464 
7.14231376477 0.5 10.0740932141 
6.61209833245 0.0 9.6062560679 
7.07993547861 0.5 9.07604063558 
6.54972004629 0.0 8.60820348941 
7.01755719246 0.5 8.0779880571 
6.48734176014 0.0 7.61015091093 
6.9551789063 0.5 7.07993547861 
6.42496347398 0.0 6.61209833245 
6.89280062015 0.5 6.08188290013 
6.36258518783 0.0 5.61404575397 
6.83042233399 0.5 5.08383032165 
6.30020690167 0.0 4.61599317548 
6.76804404784 0.5 4.08577774316 
6.23782861552 0.0 3.617940597 
6.70566576168 0.5 3.08772516468 
6.17545032936 0.0 2.61988801852 
6.64328747553 0.5 2.0896725862 
6.11307204321 0.0 1.62183544003 
6.58090918937 0.5 1.09162000772 
6.05069375705 0.0 0.623782861552 
6.51853090322 0.5 0.0935674292328 
8.51463606018 0.5 16.0000303988 
7.98442062786 0.0 15.5321932526 
8.45225777403 0.5 15.0019778203 
7.92204234171 0.0 14.5341406742 
8.38987948787 0.5 14.0039252418 
7.85966405555 0.0 13.5360880957 
8.32750120172 0.5 13.0058726634 
7.7972857694 0.0 12.5380355172 
8.26512291556 0.5 12.0078200849 
7.73490748324 0.0 11.5399829387 
8.20274462941 0.5 11.0097675064 
7.67252919709 0.0 10.5419303602 
8.14036634325 0.5 10.0117149279 
7.61015091093 0.0 9.54387778174 
8.0779880571 0.5 9.01366234942 
7.54777262478 0.0 8.54582520326 
8.01560977094 0.5 8.01560977094 
7.48539433862 0.0 7.54777262478 
7.95323148479 0.5 7.01755719246 
7.42301605247 0.0 6.54972004629 
7.89085319863 0.5 6.01950461397 
7.36063776631 0.0 5.55166746781 
7.82847491248 0.5 5.02145203549 
7.29825948016 0.0 4.55361488933 
7.76609662632 0.5 4.02339945701 
7.235881194 0.0 3.55556231085 
7.70371834016 0.5 3.02534687853 
7.17350290785 0.0 2.55750973236 
7.64134005401 0.5 2.02729430004 
7.11112462169 0.0 1.55945715388 
7.57896176785 0.5 1.02924172156 
7.04874633554 0.0 0.561404575397 
7.5165834817 0.5 0.0311891430776 
9.51268863867 0.5 15.9376521126 
8.98247320635 0.0 15.4698149665 
9.45031035251 0.5 14.9395995342 
8.92009492019 0.0 14.471762388 
9.38793206635 0.5 13.9415469557 
8.85771663404 0.0 13.4737098095 
9.3255537802 0.5 12.9434943772 
8.79533834788 0.0 12.475657231 
9.26317549404 0.5 11.9454417987 
8.73296006173 0.0 11.4776046526 
9.20079720789 0.5 10.9473892202 
8.67058177557 0.0 10.4795520741 
9.13841892173 0.5 9.94933664175 
8.60820348941 0.0 9.48149949559 
9.07604063558 0.5 8.95128406327 
8.54582520326 0.0 8.4834469171 
9.01366234942 0.5 7.95323148479 
8.4834469171 0.0 7.48539433862 
8.95128406327 0.5 6.9551789063 
8.42106863095 0.0 6.48734176014 
8.88890577711 0.5 5.95712632782 
8.35869034479 0.0 5.48928918166 
8.82652749096 0.5 4.95907374934 
8.29631205864 0.0 4.49123660317 
8.7641492048 0.5 3.96102117085 
8.23393377248 0.0 3.49318402469 
8.70177091865 0.5 2.96296859237 
8.17155548633 0.0 2.49513144621 
8.63939263249 0.5 1.96491601389 
8.10917720017 0.0 1.49707886772 
8.57701434634 0.5 0.966863435405 
8.04679891402 0.0 0.499026289241 
10.5107412171 0.5 15.8752738265 
9.98052578483 0.0 15.4074366803 
10.448362931 0.5 14.877221248 
9.91814749867 0.0 14.4093841018 
10.3859846448 0.5 13.8791686695 
9.85576921252 0.0 13.4113315234 
10.3236063587 0.5 12.881116091 
9.79339092636 0.0 12.4132789449 
10.2612280725 0.5 11.8830635126 
9.73101264021 0.0 11.4152263664 
10.1988497864 0.5 10.8850109341 
9.66863435405 0.0 10.4171737879 
10.1364715002 0.5 9.8869583556 
9.6062560679 0.0 9.41912120943 
10.0740932141 0.5 8.88890577711 
9.54387778174 0.0 8.42106863095 
10.0117149279 0.5 7.89085319863 
9.48149949559 0.0 7.42301605247 
9.94933664175 0.5 6.89280062015 
9.41912120943 0.0 6.42496347398 
9.8869583556 0.5 5.89474804166 
9.35674292328 0.0 5.4269108955 
9.82458006944 0.5 4.89669546318 
9.29436463712 0.0 4.42885831702 
9.76220178329 0.5 3.8986428847 
9.23198635097 0.0 3.43080573853 
9.69982349713 0.5 2.90059030622 
9.16960806481 0.0 2.43275316005 
9.63744521098 0.5 1.90253772773 
9.10722977866 0.0 1.43470058157 
9.57506692482 0.5 0.90448514925 
9.0448514925 0.0 0.436648003086 
11.5087937956 0.5 15.8128955403 
10.9785783633 0.0 15.3450583942 
11.4464155095 0.5 14.8148429619 
10.9162000772 0.0 14.3470058157 
11.3840372233 0.5 13.8167903834 
10.853821791 0.0 13.3489532372 
11.3216589372 0.5 12.8187378049 
10.7914435048 0.0 12.3509006587 
11.259280651 0.5 11.8206852264 
10.7290652187 0.0 11.3528480802 
11.1969023649 0.5 10.8226326479 
10.6666869325 0.0 10.3547955018 
11.1345240787 0.5 9.82458006944 
10.6043086464 0.0 9.35674292328 
11.0721457925 0.5 8.82652749096 
10.5419303602 0.0 8.35869034479 
11.0097675064 0.5 7.82847491248 
10.4795520741 0.0 7.36063776631 
10.9473892202 0.5 6.83042233399 
10.4171737879 0.0 6.36258518783 
10.8850109341 0.5 5.83236975551 
10.3547955018 0.0 5.36453260935 
10.8226326479 0.5 4.83431717703 
10.2924172156 0.0 4.36648003086 
10.7602543618 0.5 3.83626459854 
10.2300389294 0.0 3.36842745238 
10.6978760756 0.5 2.83821202006 
10.1676606433 0.0 2.3703748739 
10.6354977895 0.5 1.84015944158 
10.1052823571 0.0 1.37232229541 
10.5731195033 0.5 0.842106863095 
10.042904071 0.0 0.374269716931 
12.5068463741 0.5 15.7505172542 
11.9766309418 0.0 15.282680108 
12.444468088 0.5 14.7524646757 
11.9142526556 0.0 14.2846275295 
12.3820898018 0.5 13.7544120972 
11.8518743695 0.0 13.2865749511 
12.3197115156 0.5 12.7563595187 
11.7894960833 0.0 12.2885223726 
12.2573332295 0.5 11.7583069403 
11.7271177972 0.0 11.2904697941 
12.1949549433 0.5 10.7602543618 
11.664739511 0.0 10.2924172156 
12.1325766572 0.5 9.76220178329 
11.6023612249 0.0 9.29436463712 
12.070198371 0.5 8.7641492048 
11.5399829387 0.0 8.29631205864 
12.0078200849 0.5 7.76609662632 
11.4776046526 0.0 7.29825948016 
11.9454417987 0.5 6.76804404784 
11.4152263664 0.0 6.30020690167 
11.8830635126 0.5 5.76999146935 
11.3528480802 0.0 5.30215432319 
11.8206852264 0.5 4.77193889087 
11.2904697941 0.0 4.30410174471 
11.7583069403 0.5 3.77388631239 
11.2280915079 0.0 3.30604916622 
11.6959286541 0.5 2.77583373391 
11.1657132218 0.0 2.30799658774 
11.6335503679 0.5 1.77778115542 
11.1033349356 0.0 1.30994400926 
11.5711720818 0.5 0.77972857694 
11.0409566495 0.0 0.311891430776 
13.5048989526 0.5 15.688138968 
12.9746835203 0.0 15.2203018219 
13.4425206664 0.5 14.6900863895 
12.9123052341 0.0 14.2222492434 
13.3801423803 0.5 13.6920338111 
12.849926948 0.0 13.2241966649 
13.3177640941 0.5 12.6939812326 
12.7875486618 0.0 12.2261440864 
13.255385808 0.5 11.6959286541 
12.7251703757 0.0 11.2280915079 
13.1930075218 0.5 10.6978760756 
12.6627920895 0.0 10.2300389294 
13.1306292357 0.5 9.69982349713 
12.6004138033 0.0 9.23198635097 
13.0682509495 0.5 8.70177091865 
12.5380355172 0.0 8.23393377248 
13.0058726634 0.5 7.70371834016 
12.475657231 0.0 7.235881194 
12.9434943772 0.5 6.70566576168 
12.4132789449 0.0 6.23782861552 
12.881116091 0.5 5.7076131832 
12.3509006587 0.0 5.23977603704 
12.8187378049 0.5 4.70956060472 
12.2885223726 0.0 4.24172345855 
12.7563595187 0.5 3.71150802623 
12.2261440864 0.0 3.24367088007 
12.6939812326 0.5 2.71345544775 
12.1637658003 0.0 2.24561830159 
12.6316029464 0.5 1.71540286927 
12.1013875141 0.0 1.2475657231 
12.5692246603 0.5 0.717350290785 
12.0390092279 0.0 0.249513144621 
14.5029515311 0.5 15.6257606819 
13.9727360988 0.0 15.1579235357 
14.4405732449 0.5 14.6277081034 
13.9103578126 0.0 14.1598709572 
14.3781949588 0.5 13.6296555249 
13.8479795265 0.0 13.1618183787 
14.3158166726 0.5 12.6316029464 
13.7856012403 0.0 12.1637658003 
14.2534383865 0.5 11.6335503679 
13.7232229541 0.0 11.1657132218 
14.1910601003 0.5 10.6354977895 
13.660844668 0.0 10.1676606433 
14.1286818141 0.5 9.63744521098 
13.5984663818 0.0 9.16960806481 
14.066303528 0.5 8.63939263249 
13.5360880957 0.0 8.17155548633 
14.0039252418 0.5 7.64134005401 
13.4737098095 0.0 7.17350290785 
13.9415469557 0.5 6.64328747553 
13.4113315234 0.0 6.17545032936 
13.8791686695 0.5 5.64523489704 
13.3489532372 0.0 5.17739775088 
13.8167903834 0.5 4.64718231856 
13.2865749511 0.0 4.1793451724 
13.7544120972 0.5 3.64912974008 
13.2241966649 0.0 3.18129259391 
13.6920338111 0.5 2.6510771616 
13.1618183787 0.0 2.18324001543 
13.6296555249 0.5 1.65302458311 
13.0994400926 0.0 1.18518743695 
13.5672772388 0.5 0.654972004629 
13.0370618064 0.0 0.187134858466 
15.5010041096 0.5 15.5633823957 
14.9707886772 0.0 15.0955452496 
15.4386258234 0.5 14.5653298172 
14.9084103911 0.0 14.0974926711 
15.3762475373 0.5 13.5672772388 
14.8460321049 0.0 13.0994400926 
15.3138692511 0.5 12.5692246603 
14.7836538188 0.0 12.1013875141 
15.2514909649 0.5 11.5711720818 
14.7212755326 0.0 11.1033349356 
15.1891126788 0.5 10.5731195033 
14.6588972465 0.0 10.1052823571 
15.1267343926 0.5 9.57506692482 
14.5965189603 0.0 9.10722977866 
15.0643561065 0.5 8.57701434634 
14.5341406742 0.0 8.10917720017 
15.0019778203 0.5 7.57896176785 
14.471762388 0.0 7.11112462169 
14.9395995342 0.5 6.58090918937 
14.4093841018 0.0 6.11307204321 
14.877221248 0.5 5.58285661089 
14.3470058157 0.0 5.11501946472 
14.8148429619 0.5 4.58480403241 
14.2846275295 0.0 4.11696688624 
14.7524646757 0.5 3.58675145392 
14.2222492434 0.0 3.11891430776 
14.6900863895 0.5 2.58869887544 
14.1598709572 0.0 2.12086172928 
14.6277081034 0.5 1.59064629696 
14.0974926711 0.0 1.12280915079 
14.5653298172 0.5 0.592593718474 
14.0351143849 0.0 0.12475657231 
15.9688412557 0.0 15.0331669634 
15.9064629696 0.0 14.0351143849 
15.8440846834 0.0 13.0370618064 
15.7817063973 0.0 12.0390092279 
15.7193281111 0.0 11.0409566495 
15.656949825 0.0 10.042904071 
15.5945715388 0.0 9.0448514925 
15.5321932526 0.0 8.04679891402 
16.0000303988 0.5 7.5165834817 
15.4698149665 0.0 7.04874633554 
15.9376521126 0.5 6.51853090322 
15.4074366803 0.0 6.05069375705 
15.8752738265 0.5 5.52047832473 
15.3450583942 0.0 5.05264117857 
15.8128955403 0.5 4.52242574625 
15.282680108 0.0 4.05458860009 
15.7505172542 0.5 3.52437316777 
15.2203018219 0.0 3.0565360216 
15.688138968 0.5 2.52632058928 
15.1579235357 0.0 2.05848344312 
15.6257606819 0.5 1.5282680108 
15.0955452496 0.0 1.06043086464 
15.5633823957 0.5 0.530215432319 
15.0331669634 0.0 0.0623782861552 
