# Black CSL cell details:
#            514.0 atoms in cell
#    16.0312195419 xdim
#              1.0 ydim
#    16.0312195419 zdim
0.0311891430776 0.5 7.5165834817 
0.0935674292328 0.5 6.51853090322 
0.155945715388 0.5 5.52047832473 
0.218324001543 0.5 4.52242574625 
0.280702287698 0.5 3.52437316777 
0.343080573853 0.5 2.52632058928 
0.405458860009 0.5 1.5282680108 
0.467837146164 0.5 0.530215432319 
0.0 0.0 0.0 
0.530215432319 0.5 15.5633823957 
0.0623782861552 0.0 15.0331669634 
0.592593718474 0.5 14.5653298172 
0.12475657231 0.0 14.0351143849 
0.654972004629 0.5 13.5672772388 
0.187134858466 0.0 13.0370618064 
0.717350290785 0.5 12.5692246603 
0.249513144621 0.0 12.0390092279 
0.77972857694 0.5 11.5711720818 
0.311891430776 0.0 11.0409566495 
0.842106863095 0.5 10.5731195033 
0.374269716931 0.0 10.042904071 
0.90448514925 0.5 9.57506692482 
0.436648003086 0.0 9.0448514925 
0.966863435405 0.5 8.57701434634 
0.499026289241 0.0 8.04679891402 
1.02924172156 0.5 7.57896176785 
0.561404575397 0.0 7.04874633554 
1.09162000772 0.5 6.58090918937 
0.623782861552 0.0 6.05069375705 
1.15399829387 0.5 5.58285661089 
0.686161147707 0.0 5.05264117857 
1.21637658003 0.5 4.58480403241 
0.748539433862 0.0 4.05458860009 
1.27875486618 0.5 3.58675145392 
0.810917720017 0.0 3.0565360216 
1.34113315234 0.5 2.58869887544 
0.873296006173 0.0 2.05848344312 
1.40351143849 0.5 1.59064629696 
0.935674292328 0.0 1.06043086464 
1.46588972465 0.5 0.592593718474 
0.998052578483 0.0 0.0623782861552 
1.5282680108 0.5 15.6257606819 
1.06043086464 0.0 15.0955452496 
1.59064629696 0.5 14.6277081034 
1.12280915079 0.0 14.0974926711 
1.65302458311 0.5 13.6296555249 
1.18518743695 0.0 13.0994400926 
1.71540286927 0.5 12.6316029464 
1.2475657231 0.0 12.1013875141 
1.77778115542 0.5 11.6335503679 
1.30994400926 0.0 11.1033349356 
1.84015944158 0.5 10.6354977895 
1.37232229541 0.0 10.1052823571 
1.90253772773 0.5 9.63744521098 
1.43470058157 0.0 9.10722977866 
1.96491601389 0.5 8.63939263249 
1.49707886772 0.0 8.10917720017 
2.02729430004 0.5 7.64134005401 
1.55945715388 0.0 7.11112462169 
2.0896725862 0.5 6.64328747553 
1.62183544003 0.0 6.11307204321 
2.15205087235 0.5 5.64523489704 
1.68421372619 0.0 5.11501946472 
2.21442915851 0.5 4.64718231856 
1.74659201235 0.0 4.11696688624 
2.27680744466 0.5 3.64912974008 
1.8089702985 0.0 3.11891430776 
2.33918573082 0.5 2.6510771616 
1.87134858466 0.0 2.12086172928 
2.40156401697 0.5 1.65302458311 
1.93372687081 0.0 1.12280915079 
2.46394230313 0.5 0.654972004629 
1.99610515697 0.0 0.12475657231 
2.52632058928 0.5 15.688138968 
2.05848344312 0.0 15.1579235357 
2.58869887544 0.5 14.6900863895 
2.12086172928 0.0 14.1598709572 
2.6510771616 0.5 13.6920338111 
2.18324001543 0.0 13.1618183787 
2.71345544775 0.5 12.6939812326 
2.24561830159 0.0 12.1637658003 
2.77583373391 0.5 11.6959286541 
2.30799658774 0.0 11.1657132218 
2.83821202006 0.5 10.6978760756 
2.3703748739 0.0 10.1676606433 
2.90059030622 0.5 9.69982349713 
2.43275316005 0.0 9.16960806481 
2.96296859237 0.5 8.70177091865 
2.49513144621 0.0 8.17155548633 
3.02534687853 0.5 7.70371834016 
2.55750973236 0.0 7.17350290785 
3.08772516468 0.5 6.70566576168 
2.61988801852 0.0 6.17545032936 
3.15010345084 0.5 5.7076131832 
2.68226630467 0.0 5.17739775088 
3.21248173699 0.5 4.70956060472 
2.74464459083 0.0 4.1793451724 
3.27486002315 0.5 3.71150802623 
2.80702287698 0.0 3.18129259391 
3.3372383093 0.5 2.71345544775 
2.86940116314 0.0 2.18324001543 
3.39961659546 0.5 1.71540286927 
2.93177944929 0.0 1.18518743695 
3.46199488161 0.5 0.717350290785 
2.99415773545 0.0 0.187134858466 
3.52437316777 0.5 15.7505172542 
3.0565360216 0.0 15.2203018219 
3.58675145392 0.5 14.7524646757 
3.11891430776 0.0 14.2222492434 
3.64912974008 0.5 13.7544120972 
3.18129259391 0.0 13.2241966649 
3.71150802623 0.5 12.7563595187 
3.24367088007 0.0 12.2261440864 
3.77388631239 0.5 11.7583069403 
3.30604916622 0.0 11.2280915079 
3.83626459854 0.5 10.7602543618 
3.36842745238 0.0 10.2300389294 
3.8986428847 0.5 9.76220178329 
3.43080573853 0.0 9.23198635097 
3.96102117085 0.5 8.7641492048 
3.49318402469 0.0 8.23393377248 
4.02339945701 0.5 7.76609662632 
3.55556231085 0.0 7.235881194 
4.08577774316 0.5 6.76804404784 
3.617940597 0.0 6.23782861552 
4.14815602932 0.5 5.76999146935 
3.68031888316 0.0 5.23977603704 
4.21053431547 0.5 4.77193889087 
3.74269716931 0.0 4.24172345855 
4.27291260163 0.5 3.77388631239 
3.80507545547 0.0 3.24367088007 
4.33529088779 0.5 2.77583373391 
3.86745374162 0.0 2.24561830159 
4.39766917394 0.5 1.77778115542 
3.92983202778 0.0 1.2475657231 
4.4600474601 0.5 0.77972857694 
3.99221031393 0.0 0.249513144621 
4.52242574625 0.5 15.8128955403 
4.05458860009 0.0 15.282680108 
4.58480403241 0.5 14.8148429619 
4.11696688624 0.0 14.2846275295 
4.64718231856 0.5 13.8167903834 
4.1793451724 0.0 13.2865749511 
4.70956060472 0.5 12.8187378049 
4.24172345855 0.0 12.2885223726 
4.77193889087 0.5 11.8206852264 
4.30410174471 0.0 11.2904697941 
4.83431717703 0.5 10.8226326479 
4.36648003086 0.0 10.2924172156 
4.89669546318 0.5 9.82458006944 
4.42885831702 0.0 9.29436463712 
4.95907374934 0.5 8.82652749096 
4.49123660317 0.0 8.29631205864 
5.02145203549 0.5 7.82847491248 
4.55361488933 0.0 7.29825948016 
5.08383032165 0.5 6.83042233399 
4.61599317548 0.0 6.30020690167 
5.1462086078 0.5 5.83236975551 
4.67837146164 0.0 5.30215432319 
5.20858689396 0.5 4.83431717703 
4.74074974779 0.0 4.30410174471 
5.27096518011 0.5 3.83626459854 
4.80312803395 0.0 3.30604916622 
5.33334346627 0.5 2.83821202006 
4.8655063201 0.0 2.30799658774 
5.39572175242 0.5 1.84015944158 
4.92788460626 0.0 1.30994400926 
5.45810003858 0.5 0.842106863095 
4.99026289241 0.0 0.311891430776 
5.52047832473 0.5 15.8752738265 
5.05264117857 0.0 15.3450583942 
5.58285661089 0.5 14.877221248 
5.11501946472 0.0 14.3470058157 
5.64523489704 0.5 13.8791686695 
5.17739775088 0.0 13.3489532372 
5.7076131832 0.5 12.881116091 
5.23977603704 0.0 12.3509006587 
5.76999146935 0.5 11.8830635126 
5.30215432319 0.0 11.3528480802 
5.83236975551 0.5 10.8850109341 
5.36453260935 0.0 10.3547955018 
5.89474804166 0.5 9.8869583556 
5.4269108955 0.0 9.35674292328 
5.95712632782 0.5 8.88890577711 
5.48928918166 0.0 8.35869034479 
6.01950461397 0.5 7.89085319863 
5.55166746781 0.0 7.36063776631 
6.08188290013 0.5 6.89280062015 
5.61404575397 0.0 6.36258518783 
6.14426118629 0.5 5.89474804166 
5.67642404012 0.0 5.36453260935 
6.20663947244 0.5 4.89669546318 
5.73880232628 0.0 4.36648003086 
6.2690177586 0.5 3.8986428847 
5.80118061243 0.0 3.36842745238 
6.33139604475 0.5 2.90059030622 
5.86355889859 0.0 2.3703748739 
6.39377433091 0.5 1.90253772773 
5.92593718474 0.0 1.37232229541 
6.45615261706 0.5 0.90448514925 
5.9883154709 0.0 0.374269716931 
6.51853090322 0.5 15.9376521126 
6.05069375705 0.0 15.4074366803 
6.58090918937 0.5 14.9395995342 
6.11307204321 0.0 14.4093841018 
6.64328747553 0.5 13.9415469557 
6.17545032936 0.0 13.4113315234 
6.70566576168 0.5 12.9434943772 
6.23782861552 0.0 12.4132789449 
6.76804404784 0.5 11.9454417987 
6.30020690167 0.0 11.4152263664 
6.83042233399 0.5 10.9473892202 
6.36258518783 0.0 10.4171737879 
6.89280062015 0.5 9.94933664175 
6.42496347398 0.0 9.41912120943 
6.9551789063 0.5 8.95128406327 
6.48734176014 0.0 8.42106863095 
7.01755719246 0.5 7.95323148479 
6.54972004629 0.0 7.42301605247 
7.07993547861 0.5 6.9551789063 
6.61209833245 0.0 6.42496347398 
7.14231376477 0.5 5.95712632782 
6.6744766186 0.0 5.4269108955 
7.20469205092 0.5 4.95907374934 
6.73685490476 0.0 4.42885831702 
7.26707033708 0.5 3.96102117085 
6.79923319091 0.0 3.43080573853 
7.32944862323 0.5 2.96296859237 
6.86161147707 0.0 2.43275316005 
7.39182690939 0.5 1.96491601389 
6.92398976323 0.0 1.43470058157 
7.45420519554 0.5 0.966863435405 
6.98636804938 0.0 0.436648003086 
7.5165834817 0.5 16.0000303988 
7.04874633554 0.0 15.4698149665 
7.57896176785 0.5 15.0019778203 
7.11112462169 0.0 14.471762388 
7.64134005401 0.5 14.0039252418 
7.17350290785 0.0 13.4737098095 
7.70371834016 0.5 13.0058726634 
7.235881194 0.0 12.475657231 
7.76609662632 0.5 12.0078200849 
7.29825948016 0.0 11.4776046526 
7.82847491248 0.5 11.0097675064 
7.36063776631 0.0 10.4795520741 
7.89085319863 0.5 10.0117149279 
7.42301605247 0.0 9.48149949559 
7.95323148479 0.5 9.01366234942 
7.48539433862 0.0 8.4834469171 
8.01560977094 0.5 8.01560977094 
7.54777262478 0.0 7.48539433862 
8.0779880571 0.5 7.01755719246 
7.61015091093 0.0 6.48734176014 
8.14036634325 0.5 6.01950461397 
7.67252919709 0.0 5.48928918166 
8.20274462941 0.5 5.02145203549 
7.73490748324 0.0 4.49123660317 
8.26512291556 0.5 4.02339945701 
7.7972857694 0.0 3.49318402469 
8.32750120172 0.5 3.02534687853 
7.85966405555 0.0 2.49513144621 
8.38987948787 0.5 2.02729430004 
7.92204234171 0.0 1.49707886772 
8.45225777403 0.5 1.02924172156 
7.98442062786 0.0 0.499026289241 
8.51463606018 0.5 0.0311891430776 
8.04679891402 0.0 15.5321932526 
8.57701434634 0.5 15.0643561065 
8.10917720017 0.0 14.5341406742 
8.63939263249 0.5 14.066303528 
8.17155548633 0.0 13.5360880957 
8.70177091865 0.5 13.0682509495 
8.23393377248 0.0 12.5380355172 
8.7641492048 0.5 12.070198371 
8.29631205864 0.0 11.5399829387 
8.82652749096 0.5 11.0721457925 
8.35869034479 0.0 10.5419303602 
8.88890577711 0.5 10.0740932141 
8.42106863095 0.0 9.54387778174 
8.95128406327 0.5 9.07604063558 
8.4834469171 0.0 8.54582520326 
9.01366234942 0.5 8.0779880571 
8.54582520326 0.0 7.54777262478 
9.07604063558 0.5 7.07993547861 
8.60820348941 0.0 6.54972004629 
9.13841892173 0.5 6.08188290013 
8.67058177557 0.0 5.55166746781 
9.20079720789 0.5 5.08383032165 
8.73296006173 0.0 4.55361488933 
9.26317549404 0.5 4.08577774316 
8.79533834788 0.0 3.55556231085 
9.3255537802 0.5 3.08772516468 
8.85771663404 0.0 2.55750973236 
9.38793206635 0.5 2.0896725862 
8.92009492019 0.0 1.55945715388 
9.45031035251 0.5 1.09162000772 
8.98247320635 0.0 0.561404575397 
9.51268863867 0.5 0.0935674292328 
9.0448514925 0.0 15.5945715388 
9.57506692482 0.5 15.1267343926 
9.10722977866 0.0 14.5965189603 
9.63744521098 0.5 14.1286818141 
9.16960806481 0.0 13.5984663818 
9.69982349713 0.5 13.1306292357 
9.23198635097 0.0 12.6004138033 
9.76220178329 0.5 12.1325766572 
9.29436463712 0.0 11.6023612249 
9.82458006944 0.5 11.1345240787 
9.35674292328 0.0 10.6043086464 
9.8869583556 0.5 10.1364715002 
9.41912120943 0.0 9.6062560679 
9.94933664175 0.5 9.13841892173 
9.48149949559 0.0 8.60820348941 
10.0117149279 0.5 8.14036634325 
9.54387778174 0.0 7.61015091093 
10.0740932141 0.5 7.14231376477 
9.6062560679 0.0 6.61209833245 
10.1364715002 0.5 6.14426118629 
9.66863435405 0.0 5.61404575397 
10.1988497864 0.5 5.1462086078 
9.73101264021 0.0 4.61599317548 
10.2612280725 0.5 4.14815602932 
9.79339092636 0.0 3.617940597 
10.3236063587 0.5 3.15010345084 
9.85576921252 0.0 2.61988801852 
10.3859846448 0.5 2.15205087235 
9.91814749867 0.0 1.62183544003 
10.448362931 0.5 1.15399829387 
9.98052578483 0.0 0.623782861552 
10.5107412171 0.5 0.155945715388 
10.042904071 0.0 15.656949825 
10.5731195033 0.5 15.1891126788 
10.1052823571 0.0 14.6588972465 
10.6354977895 0.5 14.1910601003 
10.1676606433 0.0 13.660844668 
10.6978760756 0.5 13.1930075218 
10.2300389294 0.0 12.6627920895 
10.7602543618 0.5 12.1949549433 
10.2924172156 0.0 11.664739511 
10.8226326479 0.5 11.1969023649 
10.3547955018 0.0 10.6666869325 
10.8850109341 0.5 10.1988497864 
10.4171737879 0.0 9.66863435405 
10.9473892202 0.5 9.20079720789 
10.4795520741 0.0 8.67058177557 
11.0097675064 0.5 8.20274462941 
10.5419303602 0.0 7.67252919709 
11.0721457925 0.5 7.20469205092 
10.6043086464 0.0 6.6744766186 
11.1345240787 0.5 6.20663947244 
10.6666869325 0.0 5.67642404012 
11.1969023649 0.5 5.20858689396 
10.7290652187 0.0 4.67837146164 
11.259280651 0.5 4.21053431547 
10.7914435048 0.0 3.68031888316 
11.3216589372 0.5 3.21248173699 
10.853821791 0.0 2.68226630467 
11.3840372233 0.5 2.21442915851 
10.9162000772 0.0 1.68421372619 
11.4464155095 0.5 1.21637658003 
10.9785783633 0.0 0.686161147707 
11.5087937956 0.5 0.218324001543 
11.0409566495 0.0 15.7193281111 
11.5711720818 0.5 15.2514909649 
11.1033349356 0.0 14.7212755326 
11.6335503679 0.5 14.2534383865 
11.1657132218 0.0 13.7232229541 
11.6959286541 0.5 13.255385808 
11.2280915079 0.0 12.7251703757 
11.7583069403 0.5 12.2573332295 
11.2904697941 0.0 11.7271177972 
11.8206852264 0.5 11.259280651 
11.3528480802 0.0 10.7290652187 
11.8830635126 0.5 10.2612280725 
11.4152263664 0.0 9.73101264021 
11.9454417987 0.5 9.26317549404 
11.4776046526 0.0 8.73296006173 
12.0078200849 0.5 8.26512291556 
11.5399829387 0.0 7.73490748324 
12.070198371 0.5 7.26707033708 
11.6023612249 0.0 6.73685490476 
12.1325766572 0.5 6.2690177586 
11.664739511 0.0 5.73880232628 
12.1949549433 0.5 5.27096518011 
11.7271177972 0.0 4.74074974779 
12.2573332295 0.5 4.27291260163 
11.7894960833 0.0 3.74269716931 
12.3197115156 0.5 3.27486002315 
11.8518743695 0.0 2.74464459083 
12.3820898018 0.5 2.27680744466 
11.9142526556 0.0 1.74659201235 
12.444468088 0.5 1.27875486618 
11.9766309418 0.0 0.748539433862 
12.5068463741 0.5 0.280702287698 
12.0390092279 0.0 15.7817063973 
12.5692246603 0.5 15.3138692511 
12.1013875141 0.0 14.7836538188 
12.6316029464 0.5 14.3158166726 
12.1637658003 0.0 13.7856012403 
12.6939812326 0.5 13.3177640941 
12.2261440864 0.0 12.7875486618 
12.7563595187 0.5 12.3197115156 
12.2885223726 0.0 11.7894960833 
12.8187378049 0.5 11.3216589372 
12.3509006587 0.0 10.7914435048 
12.881116091 0.5 10.3236063587 
12.4132789449 0.0 9.79339092636 
12.9434943772 0.5 9.3255537802 
12.475657231 0.0 8.79533834788 
13.0058726634 0.5 8.32750120172 
12.5380355172 0.0 7.7972857694 
13.0682509495 0.5 7.32944862323 
12.6004138033 0.0 6.79923319091 
13.1306292357 0.5 6.33139604475 
12.6627920895 0.0 5.80118061243 
13.1930075218 0.5 5.33334346627 
12.7251703757 0.0 4.80312803395 
13.255385808 0.5 4.33529088779 
12.7875486618 0.0 3.80507545547 
13.3177640941 0.5 3.3372383093 
12.849926948 0.0 2.80702287698 
13.3801423803 0.5 2.33918573082 
12.9123052341 0.0 1.8089702985 
13.4425206664 0.5 1.34113315234 
12.9746835203 0.0 0.810917720017 
13.5048989526 0.5 0.343080573853 
13.0370618064 0.0 15.8440846834 
13.5672772388 0.5 15.3762475373 
13.0994400926 0.0 14.8460321049 
13.6296555249 0.5 14.3781949588 
13.1618183787 0.0 13.8479795265 
13.6920338111 0.5 13.3801423803 
13.2241966649 0.0 12.849926948 
13.7544120972 0.5 12.3820898018 
13.2865749511 0.0 11.8518743695 
13.8167903834 0.5 11.3840372233 
13.3489532372 0.0 10.853821791 
13.8791686695 0.5 10.3859846448 
13.4113315234 0.0 9.85576921252 
13.9415469557 0.5 9.38793206635 
13.4737098095 0.0 8.85771663404 
14.0039252418 0.5 8.38987948787 
13.5360880957 0.0 7.85966405555 
14.066303528 0.5 7.39182690939 
13.5984663818 0.0 6.86161147707 
14.1286818141 0.5 6.39377433091 
13.660844668 0.0 5.86355889859 
14.1910601003 0.5 5.39572175242 
13.7232229541 0.0 4.8655063201 
14.2534383865 0.5 4.39766917394 
13.7856012403 0.0 3.86745374162 
14.3158166726 0.5 3.39961659546 
13.8479795265 0.0 2.86940116314 
14.3781949588 0.5 2.40156401697 
13.9103578126 0.0 1.87134858466 
14.4405732449 0.5 1.40351143849 
13.9727360988 0.0 0.873296006173 
14.5029515311 0.5 0.405458860009 
14.0351143849 0.0 15.9064629696 
14.5653298172 0.5 15.4386258234 
14.0974926711 0.0 14.9084103911 
14.6277081034 0.5 14.4405732449 
14.1598709572 0.0 13.9103578126 
14.6900863895 0.5 13.4425206664 
14.2222492434 0.0 12.9123052341 
14.7524646757 0.5 12.444468088 
14.2846275295 0.0 11.9142526556 
14.8148429619 0.5 11.4464155095 
14.3470058157 0.0 10.9162000772 
14.877221248 0.5 10.448362931 
14.4093841018 0.0 9.91814749867 
14.9395995342 0.5 9.45031035251 
14.471762388 0.0 8.92009492019 
15.0019778203 0.5 8.45225777403 
14.5341406742 0.0 7.92204234171 
15.0643561065 0.5 7.45420519554 
14.5965189603 0.0 6.92398976323 
15.1267343926 0.5 6.45615261706 
14.6588972465 0.0 5.92593718474 
15.1891126788 0.5 5.45810003858 
14.7212755326 0.0 4.92788460626 
15.2514909649 0.5 4.4600474601 
14.7836538188 0.0 3.92983202778 
15.3138692511 0.5 3.46199488161 
14.8460321049 0.0 2.93177944929 
15.3762475373 0.5 2.46394230313 
14.9084103911 0.0 1.93372687081 
15.4386258234 0.5 1.46588972465 
14.9707886772 0.0 0.935674292328 
15.5010041096 0.5 0.467837146164 
15.0331669634 0.0 15.9688412557 
15.5633823957 0.5 15.5010041096 
15.0955452496 0.0 14.9707886772 
15.6257606819 0.5 14.5029515311 
15.1579235357 0.0 13.9727360988 
15.688138968 0.5 13.5048989526 
15.2203018219 0.0 12.9746835203 
15.7505172542 0.5 12.5068463741 
15.282680108 0.0 11.9766309418 
15.8128955403 0.5 11.5087937956 
15.3450583942 0.0 10.9785783633 
15.8752738265 0.5 10.5107412171 
15.4074366803 0.0 9.98052578483 
15.9376521126 0.5 9.51268863867 
15.4698149665 0.0 8.98247320635 
16.0000303988 0.5 8.51463606018 
15.5321932526 0.0 7.98442062786 
15.5945715388 0.0 6.98636804938 
15.656949825 0.0 5.9883154709 
15.7193281111 0.0 4.99026289241 
15.7817063973 0.0 3.99221031393 
15.8440846834 0.0 2.99415773545 
15.9064629696 0.0 1.99610515697 
15.9688412557 0.0 0.998052578483 
