# White CSL cell details:
#            482.0 atoms in cell
#    15.5241746963 xdim
#              1.0 ydim
#    15.5241746963 zdim
0.35428614452 0.5 14.9122259012 
0.0966234939601 0.5 13.9459909616 
0.966234939601 0.0 15.2665120457 
1.32052108412 0.5 14.6545632506 
0.708572289041 0.0 14.3002771061 
1.06285843356 0.5 13.688328311 
0.450909638481 0.0 13.3340421665 
0.805195783001 0.5 12.7220933714 
0.19324698792 0.0 12.3678072269 
0.547533132441 0.5 11.7558584318 
0.28987048188 0.5 10.7896234922 
0.03220783132 0.5 9.82338855261 
2.54441867428 0.5 15.3631355397 
1.9324698792 0.0 15.0088493951 
2.28675602372 0.5 14.3969006001 
1.67480722864 0.0 14.0426144555 
2.02909337316 0.5 13.4306656605 
1.41714457808 0.0 13.0763795159 
1.7714307226 0.5 12.4644307209 
1.15948192752 0.0 12.1101445763 
1.51376807204 0.5 11.4981957813 
0.901819276961 0.0 11.1439096367 
1.25610542148 0.5 10.5319608417 
0.644156626401 0.0 10.1776746971 
0.998442770921 0.5 9.56572590205 
0.38649397584 0.0 9.21143975753 
0.740780120361 0.5 8.59949096245 
0.12883132528 0.0 8.24520481793 
0.483117469801 0.5 7.63325602285 
0.22545481924 0.5 6.66702108325 
3.51065361388 0.5 15.1054728891 
2.8987048188 0.0 14.7511867446 
3.25299096332 0.5 14.1392379495 
2.64104216824 0.0 13.784951805 
2.99532831276 0.5 13.1730030099 
2.38337951768 0.0 12.8187168654 
2.7376656622 0.5 12.2067680703 
2.12571686712 0.0 11.8524819258 
2.48000301164 0.5 11.2405331307 
1.86805421656 0.0 10.8862469862 
2.22234036108 0.5 10.2742981911 
1.610391566 0.0 9.92001204657 
1.96467771052 0.5 9.30806325149 
1.35272891544 0.0 8.95377710697 
1.70701505996 0.5 8.34182831189 
1.09506626488 0.0 7.98754216737 
1.4493524094 0.5 7.37559337229 
0.837403614321 0.0 7.02130722777 
1.19168975884 0.5 6.40935843269 
0.579740963761 0.0 6.05507228817 
0.934027108281 0.5 5.44312349309 
0.3220783132 0.0 5.08883734857 
0.676364457721 0.5 4.47688855349 
0.0644156626401 0.0 4.12260240897 
0.418701807161 0.5 3.51065361388 
0.1610391566 0.5 2.54441867428 
4.12260240897 0.0 15.4597590336 
4.47688855349 0.5 14.8478102385 
3.8649397584 0.0 14.493524094 
4.21922590293 0.5 13.8815752989 
3.60727710784 0.0 13.5272891544 
3.96156325237 0.5 12.9153403593 
3.34961445728 0.0 12.5610542148 
3.7039006018 0.5 11.9491054197 
3.09195180672 0.0 11.5948192752 
3.44623795124 0.5 10.9828704801 
2.83428915616 0.0 10.6285843356 
3.18857530068 0.5 10.0166355405 
2.5766265056 0.0 9.66234939601 
2.93091265012 0.5 9.05040060093 
2.31896385504 0.0 8.69611445641 
2.67324999956 0.5 8.08416566133 
2.06130120448 0.0 7.72987951681 
2.415587349 0.5 7.11793072173 
1.80363855392 0.0 6.76364457721 
2.15792469844 0.5 6.15169578213 
1.54597590336 0.0 5.79740963761 
1.90026204788 0.5 5.18546084253 
1.2883132528 0.0 4.83117469801 
1.64259939732 0.5 4.21922590293 
1.03065060224 0.0 3.8649397584 
1.38493674676 0.5 3.25299096332 
0.772987951681 0.0 2.8987048188 
1.1272740962 0.5 2.28675602372 
0.515325301121 0.0 1.9324698792 
0.869611445641 0.5 1.32052108412 
0.25766265056 0.0 0.966234939601 
0.611948795081 0.5 0.35428614452 
0.0 0.0 0.0 
5.08883734857 0.0 15.2020963831 
5.44312349309 0.5 14.590147588 
4.83117469801 0.0 14.2358614435 
5.18546084253 0.5 13.6239126484 
4.57351204745 0.0 13.2696265039 
4.92779819197 0.5 12.6576777088 
4.31584939689 0.0 12.3033915643 
4.67013554141 0.5 11.6914427692 
4.05818674633 0.0 11.3371566247 
4.41247289085 0.5 10.7252078296 
3.80052409576 0.0 10.3709216851 
4.15481024029 0.5 9.75897288997 
3.5428614452 0.0 9.40468674545 
3.89714758973 0.5 8.79273795037 
3.28519879464 0.0 8.43845180585 
3.63948493916 0.5 7.82650301077 
3.02753614408 0.0 7.47221686625 
3.3818222886 0.5 6.86026807117 
2.76987349352 0.0 6.50598192665 
3.12415963804 0.5 5.89403313157 
2.51221084296 0.0 5.53974698705 
2.86649698748 0.5 4.92779819197 
2.2545481924 0.0 4.57351204745 
2.60883433692 0.5 3.96156325237 
1.99688554184 0.0 3.60727710784 
2.35117168636 0.5 2.99532831276 
1.73922289128 0.0 2.64104216824 
2.0935090358 0.5 2.02909337316 
1.48156024072 0.0 1.67480722864 
1.83584638524 0.5 1.06285843356 
1.22389759016 0.0 0.708572289041 
1.57818373468 0.5 0.0966234939601 
6.66702108325 0.5 15.298719877 
6.05507228817 0.0 14.9444337325 
6.40935843269 0.5 14.3324849374 
5.79740963761 0.0 13.9781987929 
6.15169578213 0.5 13.3662499978 
5.53974698705 0.0 13.0119638533 
5.89403313157 0.5 12.4000150582 
5.28208433649 0.0 12.0457289137 
5.63637048101 0.5 11.4337801186 
5.02442168593 0.0 11.0794939741 
5.37870783045 0.5 10.467545179 
4.76675903537 0.0 10.1132590345 
5.12104517989 0.5 9.50131023941 
4.50909638481 0.0 9.14702409489 
4.86338252933 0.5 8.53507529981 
4.25143373425 0.0 8.18078915529 
4.60571987877 0.5 7.56884036021 
3.99377108369 0.0 7.21455421569 
4.34805722821 0.5 6.60260542061 
3.73610843312 0.0 6.24831927609 
4.09039457765 0.5 5.63637048101 
3.47844578256 0.0 5.28208433649 
3.83273192708 0.5 4.67013554141 
3.220783132 0.0 4.31584939689 
3.57506927652 0.5 3.7039006018 
2.96312048144 0.0 3.34961445728 
3.31740662596 0.5 2.7376656622 
2.70545783088 0.0 2.38337951768 
3.0597439754 0.5 1.7714307226 
2.44779518032 0.0 1.41714457808 
2.80208132484 0.5 0.805195783001 
2.19013252976 0.0 0.450909638481 
7.63325602285 0.5 15.0410572265 
7.02130722777 0.0 14.6867710819 
7.37559337229 0.5 14.0748222869 
6.76364457721 0.0 13.7205361423 
7.11793072173 0.5 13.1085873473 
6.50598192665 0.0 12.7543012027 
6.86026807117 0.5 12.1423524077 
6.24831927609 0.0 11.7880662631 
6.60260542061 0.5 11.1761174681 
5.99065662553 0.0 10.8218313235 
6.34494277005 0.5 10.2098825285 
5.73299397497 0.0 9.85559638393 
6.08728011949 0.5 9.24364758885 
5.47533132441 0.0 8.88936144433 
5.82961746893 0.5 8.27741264925 
5.21766867385 0.0 7.92312650473 
5.57195481837 0.5 7.31117770965 
4.96000602329 0.0 6.95689156513 
5.31429216781 0.5 6.34494277005 
4.70234337273 0.0 5.99065662553 
5.05662951725 0.5 5.37870783045 
4.44468072217 0.0 5.02442168593 
4.79896686669 0.5 4.41247289085 
4.18701807161 0.0 4.05818674633 
4.54130421613 0.5 3.44623795124 
3.92935542105 0.0 3.09195180672 
4.28364156557 0.5 2.48000301164 
3.67169277048 0.0 2.12571686712 
4.02597891501 0.5 1.51376807204 
3.41403011992 0.0 1.15948192752 
3.76831626444 0.5 0.547533132441 
3.15636746936 0.0 0.19324698792 
8.24520481793 0.0 15.395343371 
8.59949096245 0.5 14.7833945759 
7.98754216737 0.0 14.4291084314 
8.34182831189 0.5 13.8171596363 
7.72987951681 0.0 13.4628734918 
8.08416566133 0.5 12.8509246967 
7.47221686625 0.0 12.4966385522 
7.82650301077 0.5 11.8846897571 
7.21455421569 0.0 11.5304036126 
7.56884036021 0.5 10.9184548175 
6.95689156513 0.0 10.564168673 
7.31117770965 0.5 9.95221987789 
6.69922891457 0.0 9.59793373337 
7.05351505909 0.5 8.98598493829 
6.44156626401 0.0 8.63169879377 
6.79585240853 0.5 8.01974999869 
6.18390361345 0.0 7.66546385417 
6.53818975797 0.5 7.05351505909 
5.92624096289 0.0 6.69922891457 
6.28052710741 0.5 6.08728011949 
5.66857831233 0.0 5.73299397497 
6.02286445685 0.5 5.12104517989 
5.41091566177 0.0 4.76675903537 
5.76520180629 0.5 4.15481024029 
5.15325301121 0.0 3.80052409576 
5.50753915573 0.5 3.18857530068 
4.89559036065 0.0 2.83428915616 
5.24987650517 0.5 2.22234036108 
4.63792771009 0.0 1.86805421656 
4.99221385461 0.5 1.25610542148 
4.38026505953 0.0 0.901819276961 
4.73455120405 0.5 0.28987048188 
9.82338855261 0.5 15.4919668649 
9.21143975753 0.0 15.1376807204 
9.56572590205 0.5 14.5257319253 
8.95377710697 0.0 14.1714457808 
9.30806325149 0.5 13.5594969857 
8.69611445641 0.0 13.2052108412 
9.05040060093 0.5 12.5932620461 
8.43845180585 0.0 12.2389759016 
8.79273795037 0.5 11.6270271065 
8.18078915529 0.0 11.272740962 
8.53507529981 0.5 10.6607921669 
7.92312650473 0.0 10.3065060224 
8.27741264925 0.5 9.69455722733 
7.66546385417 0.0 9.34027108281 
8.01974999869 0.5 8.72832228773 
7.40780120361 0.0 8.37403614321 
7.76208734813 0.5 7.76208734813 
7.15013855305 0.0 7.40780120361 
7.50442469757 0.5 6.79585240853 
6.89247590249 0.0 6.44156626401 
7.24676204701 0.5 5.82961746893 
6.63481325193 0.0 5.47533132441 
6.98909939645 0.5 4.86338252933 
6.37715060137 0.0 4.50909638481 
6.73143674589 0.5 3.89714758973 
6.11948795081 0.0 3.5428614452 
6.47377409533 0.5 2.93091265012 
5.86182530025 0.0 2.5766265056 
6.21611144477 0.5 1.96467771052 
5.60416264969 0.0 1.610391566 
5.95844879421 0.5 0.998442770921 
5.34649999913 0.0 0.644156626401 
5.70078614365 0.5 0.03220783132 
10.7896234922 0.5 15.2343042144 
10.1776746971 0.0 14.8800180699 
10.5319608417 0.5 14.2680692748 
9.92001204657 0.0 13.9137831303 
10.2742981911 0.5 13.3018343352 
9.66234939601 0.0 12.9475481907 
10.0166355405 0.5 12.3355993956 
9.40468674545 0.0 11.9813132511 
9.75897288997 0.5 11.369364456 
9.14702409489 0.0 11.0150783115 
9.50131023941 0.5 10.4031295164 
8.88936144433 0.0 10.0488433719 
9.24364758885 0.5 9.43689457677 
8.63169879377 0.0 9.08260843225 
8.98598493829 0.5 8.47065963717 
8.37403614321 0.0 8.11637349265 
8.72832228773 0.5 7.50442469757 
8.11637349265 0.0 7.15013855305 
8.47065963717 0.5 6.53818975797 
7.85871084209 0.0 6.18390361345 
8.21299698661 0.5 5.57195481837 
7.60104819153 0.0 5.21766867385 
7.95533433605 0.5 4.60571987877 
7.34338554097 0.0 4.25143373425 
7.69767168549 0.5 3.63948493916 
7.08572289041 0.0 3.28519879464 
7.44000903493 0.5 2.67324999956 
6.82806023985 0.0 2.31896385504 
7.18234638437 0.5 1.70701505996 
6.57039758929 0.0 1.35272891544 
6.92468373381 0.5 0.740780120361 
6.31273493873 0.0 0.38649397584 
11.7558584318 0.5 14.9766415638 
11.1439096367 0.0 14.6223554193 
11.4981957813 0.5 14.0104066242 
10.8862469862 0.0 13.6561204797 
11.2405331307 0.5 13.0441716846 
10.6285843356 0.0 12.6898855401 
10.9828704801 0.5 12.077936745 
10.3709216851 0.0 11.7236506005 
10.7252078296 0.5 11.1117018054 
10.1132590345 0.0 10.7574156609 
10.467545179 0.5 10.1454668658 
9.85559638393 0.0 9.79118072129 
10.2098825285 0.5 9.17923192621 
9.59793373337 0.0 8.82494578169 
9.95221987789 0.5 8.21299698661 
9.34027108281 0.0 7.85871084209 
9.69455722733 0.5 7.24676204701 
9.08260843225 0.0 6.89247590249 
9.43689457677 0.5 6.28052710741 
8.82494578169 0.0 5.92624096289 
9.17923192621 0.5 5.31429216781 
8.56728313113 0.0 4.96000602329 
8.92156927565 0.5 4.34805722821 
8.30962048057 0.0 3.99377108369 
8.66390662509 0.5 3.3818222886 
8.05195783001 0.0 3.02753614408 
8.40624397453 0.5 2.415587349 
7.79429517945 0.0 2.06130120448 
8.14858132397 0.5 1.4493524094 
7.53663252889 0.0 1.09506626488 
7.89091867341 0.5 0.483117469801 
7.27896987833 0.0 0.12883132528 
12.3678072269 0.0 15.3309277083 
12.7220933714 0.5 14.7189789133 
12.1101445763 0.0 14.3646927687 
12.4644307209 0.5 13.7527439737 
11.8524819258 0.0 13.3984578291 
12.2067680703 0.5 12.7865090341 
11.5948192752 0.0 12.4322228895 
11.9491054197 0.5 11.8202740945 
11.3371566247 0.0 11.4659879499 
11.6914427692 0.5 10.8540391549 
11.0794939741 0.0 10.4997530103 
11.4337801186 0.5 9.88780421525 
10.8218313235 0.0 9.53351807073 
11.1761174681 0.5 8.92156927565 
10.564168673 0.0 8.56728313113 
10.9184548175 0.5 7.95533433605 
10.3065060224 0.0 7.60104819153 
10.6607921669 0.5 6.98909939645 
10.0488433719 0.0 6.63481325193 
10.4031295164 0.5 6.02286445685 
9.79118072129 0.0 5.66857831233 
10.1454668658 0.5 5.05662951725 
9.53351807073 0.0 4.70234337273 
9.88780421525 0.5 4.09039457765 
9.27585542017 0.0 3.73610843312 
9.63014156469 0.5 3.12415963804 
9.01819276961 0.0 2.76987349352 
9.37247891413 0.5 2.15792469844 
8.76053011905 0.0 1.80363855392 
9.11481626357 0.5 1.19168975884 
8.50286746849 0.0 0.837403614321 
8.85715361301 0.5 0.22545481924 
13.9459909616 0.5 15.4275512023 
13.3340421665 0.0 15.0732650578 
13.688328311 0.5 14.4613162627 
13.0763795159 0.0 14.1070301182 
13.4306656605 0.5 13.4950813231 
12.8187168654 0.0 13.1407951786 
13.1730030099 0.5 12.5288463835 
12.5610542148 0.0 12.174560239 
12.9153403593 0.5 11.5626114439 
12.3033915643 0.0 11.2083252994 
12.6576777088 0.5 10.5963765043 
12.0457289137 0.0 10.2420903598 
12.4000150582 0.5 9.63014156469 
11.7880662631 0.0 9.27585542017 
12.1423524077 0.5 8.66390662509 
11.5304036126 0.0 8.30962048057 
11.8846897571 0.5 7.69767168549 
11.272740962 0.0 7.34338554097 
11.6270271065 0.5 6.73143674589 
11.0150783115 0.0 6.37715060137 
11.369364456 0.5 5.76520180629 
10.7574156609 0.0 5.41091566177 
11.1117018054 0.5 4.79896686669 
10.4997530103 0.0 4.44468072217 
10.8540391549 0.5 3.83273192708 
10.2420903598 0.0 3.47844578256 
10.5963765043 0.5 2.86649698748 
9.98442770921 0.0 2.51221084296 
10.3387138537 0.5 1.90026204788 
9.72676505865 0.0 1.54597590336 
10.0810512032 0.5 0.934027108281 
9.46910240809 0.0 0.579740963761 
14.9122259012 0.5 15.1698885517 
14.3002771061 0.0 14.8156024072 
14.6545632506 0.5 14.2036536121 
14.0426144555 0.0 13.8493674676 
14.3969006001 0.5 13.2374186725 
13.784951805 0.0 12.883132528 
14.1392379495 0.5 12.2711837329 
13.5272891544 0.0 11.9168975884 
13.8815752989 0.5 11.3049487933 
13.2696265039 0.0 10.9506626488 
13.6239126484 0.5 10.3387138537 
13.0119638533 0.0 9.98442770921 
13.3662499978 0.5 9.37247891413 
12.7543012027 0.0 9.01819276961 
13.1085873473 0.5 8.40624397453 
12.4966385522 0.0 8.05195783001 
12.8509246967 0.5 7.44000903493 
12.2389759016 0.0 7.08572289041 
12.5932620461 0.5 6.47377409533 
11.9813132511 0.0 6.11948795081 
12.3355993956 0.5 5.50753915573 
11.7236506005 0.0 5.15325301121 
12.077936745 0.5 4.54130421613 
11.4659879499 0.0 4.18701807161 
11.8202740945 0.5 3.57506927652 
11.2083252994 0.0 3.220783132 
11.5626114439 0.5 2.60883433692 
10.9506626488 0.0 2.2545481924 
11.3049487933 0.5 1.64259939732 
10.6929999983 0.0 1.2883132528 
11.0472861428 0.5 0.676364457721 
10.4353373477 0.0 0.3220783132 
15.2665120457 0.0 14.5579397567 
15.0088493951 0.0 13.5917048171 
15.3631355397 0.5 12.979756022 
14.7511867446 0.0 12.6254698775 
15.1054728891 0.5 12.0135210824 
14.493524094 0.0 11.6592349379 
14.8478102385 0.5 11.0472861428 
14.2358614435 0.0 10.6929999983 
14.590147588 0.5 10.0810512032 
13.9781987929 0.0 9.72676505865 
14.3324849374 0.5 9.11481626357 
13.7205361423 0.0 8.76053011905 
14.0748222869 0.5 8.14858132397 
13.4628734918 0.0 7.79429517945 
13.8171596363 0.5 7.18234638437 
13.2052108412 0.0 6.82806023985 
13.5594969857 0.5 6.21611144477 
12.9475481907 0.0 5.86182530025 
13.3018343352 0.5 5.24987650517 
12.6898855401 0.0 4.89559036065 
13.0441716846 0.5 4.28364156557 
12.4322228895 0.0 3.92935542105 
12.7865090341 0.5 3.31740662596 
12.174560239 0.0 2.96312048144 
12.5288463835 0.5 2.35117168636 
11.9168975884 0.0 1.99688554184 
12.2711837329 0.5 1.38493674676 
11.6592349379 0.0 1.03065060224 
12.0135210824 0.5 0.418701807161 
11.4015722873 0.0 0.0644156626401 
15.4597590336 0.0 11.4015722873 
15.2020963831 0.0 10.4353373477 
14.9444337325 0.0 9.46910240809 
15.298719877 0.5 8.85715361301 
14.6867710819 0.0 8.50286746849 
15.0410572265 0.5 7.89091867341 
14.4291084314 0.0 7.53663252889 
14.7833945759 0.5 6.92468373381 
14.1714457808 0.0 6.57039758929 
14.5257319253 0.5 5.95844879421 
13.9137831303 0.0 5.60416264969 
14.2680692748 0.5 4.99221385461 
13.6561204797 0.0 4.63792771009 
14.0104066242 0.5 4.02597891501 
13.3984578291 0.0 3.67169277048 
13.7527439737 0.5 3.0597439754 
13.1407951786 0.0 2.70545783088 
13.4950813231 0.5 2.0935090358 
12.883132528 0.0 1.73922289128 
13.2374186725 0.5 1.1272740962 
12.6254698775 0.0 0.772987951681 
12.979756022 0.5 0.1610391566 
15.395343371 0.0 7.27896987833 
15.1376807204 0.0 6.31273493873 
15.4919668649 0.5 5.70078614365 
14.8800180699 0.0 5.34649999913 
15.2343042144 0.5 4.73455120405 
14.6223554193 0.0 4.38026505953 
14.9766415638 0.5 3.76831626444 
14.3646927687 0.0 3.41403011992 
14.7189789133 0.5 2.80208132484 
14.1070301182 0.0 2.44779518032 
14.4613162627 0.5 1.83584638524 
13.8493674676 0.0 1.48156024072 
14.2036536121 0.5 0.869611445641 
13.5917048171 0.0 0.515325301121 
15.3309277083 0.0 3.15636746936 
15.0732650578 0.0 2.19013252976 
15.4275512023 0.5 1.57818373468 
14.8156024072 0.0 1.22389759016 
15.1698885517 0.5 0.611948795081 
14.5579397567 0.0 0.25766265056 
