# Black CSL cell details:
#            482.0 atoms in cell
#    15.5241746963 xdim
#              1.0 ydim
#    15.5241746963 zdim
0.0966234939601 0.5 1.57818373468 
0.35428614452 0.5 0.611948795081 
0.0 0.0 0.0 
0.03220783132 0.5 5.70078614365 
0.28987048188 0.5 4.73455120405 
0.547533132441 0.5 3.76831626444 
0.19324698792 0.0 3.15636746936 
0.805195783001 0.5 2.80208132484 
0.450909638481 0.0 2.19013252976 
1.06285843356 0.5 1.83584638524 
0.708572289041 0.0 1.22389759016 
1.32052108412 0.5 0.869611445641 
0.966234939601 0.0 0.25766265056 
0.22545481924 0.5 8.85715361301 
0.483117469801 0.5 7.89091867341 
0.12883132528 0.0 7.27896987833 
0.740780120361 0.5 6.92468373381 
0.38649397584 0.0 6.31273493873 
0.998442770921 0.5 5.95844879421 
0.644156626401 0.0 5.34649999913 
1.25610542148 0.5 4.99221385461 
0.901819276961 0.0 4.38026505953 
1.51376807204 0.5 4.02597891501 
1.15948192752 0.0 3.41403011992 
1.7714307226 0.5 3.0597439754 
1.41714457808 0.0 2.44779518032 
2.02909337316 0.5 2.0935090358 
1.67480722864 0.0 1.48156024072 
2.28675602372 0.5 1.1272740962 
1.9324698792 0.0 0.515325301121 
2.54441867428 0.5 0.1610391566 
0.1610391566 0.5 12.979756022 
0.418701807161 0.5 12.0135210824 
0.0644156626401 0.0 11.4015722873 
0.676364457721 0.5 11.0472861428 
0.3220783132 0.0 10.4353373477 
0.934027108281 0.5 10.0810512032 
0.579740963761 0.0 9.46910240809 
1.19168975884 0.5 9.11481626357 
0.837403614321 0.0 8.50286746849 
1.4493524094 0.5 8.14858132397 
1.09506626488 0.0 7.53663252889 
1.70701505996 0.5 7.18234638437 
1.35272891544 0.0 6.57039758929 
1.96467771052 0.5 6.21611144477 
1.610391566 0.0 5.60416264969 
2.22234036108 0.5 5.24987650517 
1.86805421656 0.0 4.63792771009 
2.48000301164 0.5 4.28364156557 
2.12571686712 0.0 3.67169277048 
2.7376656622 0.5 3.31740662596 
2.38337951768 0.0 2.70545783088 
2.99532831276 0.5 2.35117168636 
2.64104216824 0.0 1.73922289128 
3.25299096332 0.5 1.38493674676 
2.8987048188 0.0 0.772987951681 
3.51065361388 0.5 0.418701807161 
0.611948795081 0.5 15.1698885517 
0.25766265056 0.0 14.5579397567 
0.869611445641 0.5 14.2036536121 
0.515325301121 0.0 13.5917048171 
1.1272740962 0.5 13.2374186725 
0.772987951681 0.0 12.6254698775 
1.38493674676 0.5 12.2711837329 
1.03065060224 0.0 11.6592349379 
1.64259939732 0.5 11.3049487933 
1.2883132528 0.0 10.6929999983 
1.90026204788 0.5 10.3387138537 
1.54597590336 0.0 9.72676505865 
2.15792469844 0.5 9.37247891413 
1.80363855392 0.0 8.76053011905 
2.415587349 0.5 8.40624397453 
2.06130120448 0.0 7.79429517945 
2.67324999956 0.5 7.44000903493 
2.31896385504 0.0 6.82806023985 
2.93091265012 0.5 6.47377409533 
2.5766265056 0.0 5.86182530025 
3.18857530068 0.5 5.50753915573 
2.83428915616 0.0 4.89559036065 
3.44623795124 0.5 4.54130421613 
3.09195180672 0.0 3.92935542105 
3.7039006018 0.5 3.57506927652 
3.34961445728 0.0 2.96312048144 
3.96156325237 0.5 2.60883433692 
3.60727710784 0.0 1.99688554184 
4.21922590293 0.5 1.64259939732 
3.8649397584 0.0 1.03065060224 
4.47688855349 0.5 0.676364457721 
4.12260240897 0.0 0.0644156626401 
1.57818373468 0.5 15.4275512023 
1.22389759016 0.0 14.8156024072 
1.83584638524 0.5 14.4613162627 
1.48156024072 0.0 13.8493674676 
2.0935090358 0.5 13.4950813231 
1.73922289128 0.0 12.883132528 
2.35117168636 0.5 12.5288463835 
1.99688554184 0.0 11.9168975884 
2.60883433692 0.5 11.5626114439 
2.2545481924 0.0 10.9506626488 
2.86649698748 0.5 10.5963765043 
2.51221084296 0.0 9.98442770921 
3.12415963804 0.5 9.63014156469 
2.76987349352 0.0 9.01819276961 
3.3818222886 0.5 8.66390662509 
3.02753614408 0.0 8.05195783001 
3.63948493916 0.5 7.69767168549 
3.28519879464 0.0 7.08572289041 
3.89714758973 0.5 6.73143674589 
3.5428614452 0.0 6.11948795081 
4.15481024029 0.5 5.76520180629 
3.80052409576 0.0 5.15325301121 
4.41247289085 0.5 4.79896686669 
4.05818674633 0.0 4.18701807161 
4.67013554141 0.5 3.83273192708 
4.31584939689 0.0 3.220783132 
4.92779819197 0.5 2.86649698748 
4.57351204745 0.0 2.2545481924 
5.18546084253 0.5 1.90026204788 
4.83117469801 0.0 1.2883132528 
5.44312349309 0.5 0.934027108281 
5.08883734857 0.0 0.3220783132 
2.19013252976 0.0 15.0732650578 
2.80208132484 0.5 14.7189789133 
2.44779518032 0.0 14.1070301182 
3.0597439754 0.5 13.7527439737 
2.70545783088 0.0 13.1407951786 
3.31740662596 0.5 12.7865090341 
2.96312048144 0.0 12.174560239 
3.57506927652 0.5 11.8202740945 
3.220783132 0.0 11.2083252994 
3.83273192708 0.5 10.8540391549 
3.47844578256 0.0 10.2420903598 
4.09039457765 0.5 9.88780421525 
3.73610843312 0.0 9.27585542017 
4.34805722821 0.5 8.92156927565 
3.99377108369 0.0 8.30962048057 
4.60571987877 0.5 7.95533433605 
4.25143373425 0.0 7.34338554097 
4.86338252933 0.5 6.98909939645 
4.50909638481 0.0 6.37715060137 
5.12104517989 0.5 6.02286445685 
4.76675903537 0.0 5.41091566177 
5.37870783045 0.5 5.05662951725 
5.02442168593 0.0 4.44468072217 
5.63637048101 0.5 4.09039457765 
5.28208433649 0.0 3.47844578256 
5.89403313157 0.5 3.12415963804 
5.53974698705 0.0 2.51221084296 
6.15169578213 0.5 2.15792469844 
5.79740963761 0.0 1.54597590336 
6.40935843269 0.5 1.19168975884 
6.05507228817 0.0 0.579740963761 
6.66702108325 0.5 0.22545481924 
3.15636746936 0.0 15.3309277083 
3.76831626444 0.5 14.9766415638 
3.41403011992 0.0 14.3646927687 
4.02597891501 0.5 14.0104066242 
3.67169277048 0.0 13.3984578291 
4.28364156557 0.5 13.0441716846 
3.92935542105 0.0 12.4322228895 
4.54130421613 0.5 12.077936745 
4.18701807161 0.0 11.4659879499 
4.79896686669 0.5 11.1117018054 
4.44468072217 0.0 10.4997530103 
5.05662951725 0.5 10.1454668658 
4.70234337273 0.0 9.53351807073 
5.31429216781 0.5 9.17923192621 
4.96000602329 0.0 8.56728313113 
5.57195481837 0.5 8.21299698661 
5.21766867385 0.0 7.60104819153 
5.82961746893 0.5 7.24676204701 
5.47533132441 0.0 6.63481325193 
6.08728011949 0.5 6.28052710741 
5.73299397497 0.0 5.66857831233 
6.34494277005 0.5 5.31429216781 
5.99065662553 0.0 4.70234337273 
6.60260542061 0.5 4.34805722821 
6.24831927609 0.0 3.73610843312 
6.86026807117 0.5 3.3818222886 
6.50598192665 0.0 2.76987349352 
7.11793072173 0.5 2.415587349 
6.76364457721 0.0 1.80363855392 
7.37559337229 0.5 1.4493524094 
7.02130722777 0.0 0.837403614321 
7.63325602285 0.5 0.483117469801 
4.73455120405 0.5 15.2343042144 
4.38026505953 0.0 14.6223554193 
4.99221385461 0.5 14.2680692748 
4.63792771009 0.0 13.6561204797 
5.24987650517 0.5 13.3018343352 
4.89559036065 0.0 12.6898855401 
5.50753915573 0.5 12.3355993956 
5.15325301121 0.0 11.7236506005 
5.76520180629 0.5 11.369364456 
5.41091566177 0.0 10.7574156609 
6.02286445685 0.5 10.4031295164 
5.66857831233 0.0 9.79118072129 
6.28052710741 0.5 9.43689457677 
5.92624096289 0.0 8.82494578169 
6.53818975797 0.5 8.47065963717 
6.18390361345 0.0 7.85871084209 
6.79585240853 0.5 7.50442469757 
6.44156626401 0.0 6.89247590249 
7.05351505909 0.5 6.53818975797 
6.69922891457 0.0 5.92624096289 
7.31117770965 0.5 5.57195481837 
6.95689156513 0.0 4.96000602329 
7.56884036021 0.5 4.60571987877 
7.21455421569 0.0 3.99377108369 
7.82650301077 0.5 3.63948493916 
7.47221686625 0.0 3.02753614408 
8.08416566133 0.5 2.67324999956 
7.72987951681 0.0 2.06130120448 
8.34182831189 0.5 1.70701505996 
7.98754216737 0.0 1.09506626488 
8.59949096245 0.5 0.740780120361 
8.24520481793 0.0 0.12883132528 
5.70078614365 0.5 15.4919668649 
5.34649999913 0.0 14.8800180699 
5.95844879421 0.5 14.5257319253 
5.60416264969 0.0 13.9137831303 
6.21611144477 0.5 13.5594969857 
5.86182530025 0.0 12.9475481907 
6.47377409533 0.5 12.5932620461 
6.11948795081 0.0 11.9813132511 
6.73143674589 0.5 11.6270271065 
6.37715060137 0.0 11.0150783115 
6.98909939645 0.5 10.6607921669 
6.63481325193 0.0 10.0488433719 
7.24676204701 0.5 9.69455722733 
6.89247590249 0.0 9.08260843225 
7.50442469757 0.5 8.72832228773 
7.15013855305 0.0 8.11637349265 
7.76208734813 0.5 7.76208734813 
7.40780120361 0.0 7.15013855305 
8.01974999869 0.5 6.79585240853 
7.66546385417 0.0 6.18390361345 
8.27741264925 0.5 5.82961746893 
7.92312650473 0.0 5.21766867385 
8.53507529981 0.5 4.86338252933 
8.18078915529 0.0 4.25143373425 
8.79273795037 0.5 3.89714758973 
8.43845180585 0.0 3.28519879464 
9.05040060093 0.5 2.93091265012 
8.69611445641 0.0 2.31896385504 
9.30806325149 0.5 1.96467771052 
8.95377710697 0.0 1.35272891544 
9.56572590205 0.5 0.998442770921 
9.21143975753 0.0 0.38649397584 
9.82338855261 0.5 0.03220783132 
6.31273493873 0.0 15.1376807204 
6.92468373381 0.5 14.7833945759 
6.57039758929 0.0 14.1714457808 
7.18234638437 0.5 13.8171596363 
6.82806023985 0.0 13.2052108412 
7.44000903493 0.5 12.8509246967 
7.08572289041 0.0 12.2389759016 
7.69767168549 0.5 11.8846897571 
7.34338554097 0.0 11.272740962 
7.95533433605 0.5 10.9184548175 
7.60104819153 0.0 10.3065060224 
8.21299698661 0.5 9.95221987789 
7.85871084209 0.0 9.34027108281 
8.47065963717 0.5 8.98598493829 
8.11637349265 0.0 8.37403614321 
8.72832228773 0.5 8.01974999869 
8.37403614321 0.0 7.40780120361 
8.98598493829 0.5 7.05351505909 
8.63169879377 0.0 6.44156626401 
9.24364758885 0.5 6.08728011949 
8.88936144433 0.0 5.47533132441 
9.50131023941 0.5 5.12104517989 
9.14702409489 0.0 4.50909638481 
9.75897288997 0.5 4.15481024029 
9.40468674545 0.0 3.5428614452 
10.0166355405 0.5 3.18857530068 
9.66234939601 0.0 2.5766265056 
10.2742981911 0.5 2.22234036108 
9.92001204657 0.0 1.610391566 
10.5319608417 0.5 1.25610542148 
10.1776746971 0.0 0.644156626401 
10.7896234922 0.5 0.28987048188 
7.27896987833 0.0 15.395343371 
7.89091867341 0.5 15.0410572265 
7.53663252889 0.0 14.4291084314 
8.14858132397 0.5 14.0748222869 
7.79429517945 0.0 13.4628734918 
8.40624397453 0.5 13.1085873473 
8.05195783001 0.0 12.4966385522 
8.66390662509 0.5 12.1423524077 
8.30962048057 0.0 11.5304036126 
8.92156927565 0.5 11.1761174681 
8.56728313113 0.0 10.564168673 
9.17923192621 0.5 10.2098825285 
8.82494578169 0.0 9.59793373337 
9.43689457677 0.5 9.24364758885 
9.08260843225 0.0 8.63169879377 
9.69455722733 0.5 8.27741264925 
9.34027108281 0.0 7.66546385417 
9.95221987789 0.5 7.31117770965 
9.59793373337 0.0 6.69922891457 
10.2098825285 0.5 6.34494277005 
9.85559638393 0.0 5.73299397497 
10.467545179 0.5 5.37870783045 
10.1132590345 0.0 4.76675903537 
10.7252078296 0.5 4.41247289085 
10.3709216851 0.0 3.80052409576 
10.9828704801 0.5 3.44623795124 
10.6285843356 0.0 2.83428915616 
11.2405331307 0.5 2.48000301164 
10.8862469862 0.0 1.86805421656 
11.4981957813 0.5 1.51376807204 
11.1439096367 0.0 0.901819276961 
11.7558584318 0.5 0.547533132441 
8.85715361301 0.5 15.298719877 
8.50286746849 0.0 14.6867710819 
9.11481626357 0.5 14.3324849374 
8.76053011905 0.0 13.7205361423 
9.37247891413 0.5 13.3662499978 
9.01819276961 0.0 12.7543012027 
9.63014156469 0.5 12.4000150582 
9.27585542017 0.0 11.7880662631 
9.88780421525 0.5 11.4337801186 
9.53351807073 0.0 10.8218313235 
10.1454668658 0.5 10.467545179 
9.79118072129 0.0 9.85559638393 
10.4031295164 0.5 9.50131023941 
10.0488433719 0.0 8.88936144433 
10.6607921669 0.5 8.53507529981 
10.3065060224 0.0 7.92312650473 
10.9184548175 0.5 7.56884036021 
10.564168673 0.0 6.95689156513 
11.1761174681 0.5 6.60260542061 
10.8218313235 0.0 5.99065662553 
11.4337801186 0.5 5.63637048101 
11.0794939741 0.0 5.02442168593 
11.6914427692 0.5 4.67013554141 
11.3371566247 0.0 4.05818674633 
11.9491054197 0.5 3.7039006018 
11.5948192752 0.0 3.09195180672 
12.2067680703 0.5 2.7376656622 
11.8524819258 0.0 2.12571686712 
12.4644307209 0.5 1.7714307226 
12.1101445763 0.0 1.15948192752 
12.7220933714 0.5 0.805195783001 
12.3678072269 0.0 0.19324698792 
9.46910240809 0.0 14.9444337325 
10.0810512032 0.5 14.590147588 
9.72676505865 0.0 13.9781987929 
10.3387138537 0.5 13.6239126484 
9.98442770921 0.0 13.0119638533 
10.5963765043 0.5 12.6576777088 
10.2420903598 0.0 12.0457289137 
10.8540391549 0.5 11.6914427692 
10.4997530103 0.0 11.0794939741 
11.1117018054 0.5 10.7252078296 
10.7574156609 0.0 10.1132590345 
11.369364456 0.5 9.75897288997 
11.0150783115 0.0 9.14702409489 
11.6270271065 0.5 8.79273795037 
11.272740962 0.0 8.18078915529 
11.8846897571 0.5 7.82650301077 
11.5304036126 0.0 7.21455421569 
12.1423524077 0.5 6.86026807117 
11.7880662631 0.0 6.24831927609 
12.4000150582 0.5 5.89403313157 
12.0457289137 0.0 5.28208433649 
12.6576777088 0.5 4.92779819197 
12.3033915643 0.0 4.31584939689 
12.9153403593 0.5 3.96156325237 
12.5610542148 0.0 3.34961445728 
13.1730030099 0.5 2.99532831276 
12.8187168654 0.0 2.38337951768 
13.4306656605 0.5 2.02909337316 
13.0763795159 0.0 1.41714457808 
13.688328311 0.5 1.06285843356 
13.3340421665 0.0 0.450909638481 
13.9459909616 0.5 0.0966234939601 
10.4353373477 0.0 15.2020963831 
11.0472861428 0.5 14.8478102385 
10.6929999983 0.0 14.2358614435 
11.3049487933 0.5 13.8815752989 
10.9506626488 0.0 13.2696265039 
11.5626114439 0.5 12.9153403593 
11.2083252994 0.0 12.3033915643 
11.8202740945 0.5 11.9491054197 
11.4659879499 0.0 11.3371566247 
12.077936745 0.5 10.9828704801 
11.7236506005 0.0 10.3709216851 
12.3355993956 0.5 10.0166355405 
11.9813132511 0.0 9.40468674545 
12.5932620461 0.5 9.05040060093 
12.2389759016 0.0 8.43845180585 
12.8509246967 0.5 8.08416566133 
12.4966385522 0.0 7.47221686625 
13.1085873473 0.5 7.11793072173 
12.7543012027 0.0 6.50598192665 
13.3662499978 0.5 6.15169578213 
13.0119638533 0.0 5.53974698705 
13.6239126484 0.5 5.18546084253 
13.2696265039 0.0 4.57351204745 
13.8815752989 0.5 4.21922590293 
13.5272891544 0.0 3.60727710784 
14.1392379495 0.5 3.25299096332 
13.784951805 0.0 2.64104216824 
14.3969006001 0.5 2.28675602372 
14.0426144555 0.0 1.67480722864 
14.6545632506 0.5 1.32052108412 
14.3002771061 0.0 0.708572289041 
14.9122259012 0.5 0.35428614452 
11.4015722873 0.0 15.4597590336 
12.0135210824 0.5 15.1054728891 
11.6592349379 0.0 14.493524094 
12.2711837329 0.5 14.1392379495 
11.9168975884 0.0 13.5272891544 
12.5288463835 0.5 13.1730030099 
12.174560239 0.0 12.5610542148 
12.7865090341 0.5 12.2067680703 
12.4322228895 0.0 11.5948192752 
13.0441716846 0.5 11.2405331307 
12.6898855401 0.0 10.6285843356 
13.3018343352 0.5 10.2742981911 
12.9475481907 0.0 9.66234939601 
13.5594969857 0.5 9.30806325149 
13.2052108412 0.0 8.69611445641 
13.8171596363 0.5 8.34182831189 
13.4628734918 0.0 7.72987951681 
14.0748222869 0.5 7.37559337229 
13.7205361423 0.0 6.76364457721 
14.3324849374 0.5 6.40935843269 
13.9781987929 0.0 5.79740963761 
14.590147588 0.5 5.44312349309 
14.2358614435 0.0 4.83117469801 
14.8478102385 0.5 4.47688855349 
14.493524094 0.0 3.8649397584 
15.1054728891 0.5 3.51065361388 
14.7511867446 0.0 2.8987048188 
15.3631355397 0.5 2.54441867428 
15.0088493951 0.0 1.9324698792 
15.2665120457 0.0 0.966234939601 
12.979756022 0.5 15.3631355397 
12.6254698775 0.0 14.7511867446 
13.2374186725 0.5 14.3969006001 
12.883132528 0.0 13.784951805 
13.4950813231 0.5 13.4306656605 
13.1407951786 0.0 12.8187168654 
13.7527439737 0.5 12.4644307209 
13.3984578291 0.0 11.8524819258 
14.0104066242 0.5 11.4981957813 
13.6561204797 0.0 10.8862469862 
14.2680692748 0.5 10.5319608417 
13.9137831303 0.0 9.92001204657 
14.5257319253 0.5 9.56572590205 
14.1714457808 0.0 8.95377710697 
14.7833945759 0.5 8.59949096245 
14.4291084314 0.0 7.98754216737 
15.0410572265 0.5 7.63325602285 
14.6867710819 0.0 7.02130722777 
15.298719877 0.5 6.66702108325 
14.9444337325 0.0 6.05507228817 
15.2020963831 0.0 5.08883734857 
15.4597590336 0.0 4.12260240897 
13.5917048171 0.0 15.0088493951 
14.2036536121 0.5 14.6545632506 
13.8493674676 0.0 14.0426144555 
14.4613162627 0.5 13.688328311 
14.1070301182 0.0 13.0763795159 
14.7189789133 0.5 12.7220933714 
14.3646927687 0.0 12.1101445763 
14.9766415638 0.5 11.7558584318 
14.6223554193 0.0 11.1439096367 
15.2343042144 0.5 10.7896234922 
14.8800180699 0.0 10.1776746971 
15.4919668649 0.5 9.82338855261 
15.1376807204 0.0 9.21143975753 
15.395343371 0.0 8.24520481793 
14.5579397567 0.0 15.2665120457 
15.1698885517 0.5 14.9122259012 
14.8156024072 0.0 14.3002771061 
15.4275512023 0.5 13.9459909616 
15.0732650578 0.0 13.3340421665 
15.3309277083 0.0 12.3678072269 
