# Black CSL cell details:
#             84.0 atoms in cell
#    1.73205080757 xdim
#    3.74165738677 ydim
#    6.48074069841 zdim
0.288675134595 2.93987366104 0.154303349962 
0.288675134595 0.534522483825 0.617213399848 
0.0 0.0 0.0 
0.866025403784 0.0 0.0 
0.288675134595 1.87082869339 1.08012344973 
0.0 1.33630620956 0.462910049886 
0.866025403784 1.33630620956 0.462910049886 
0.288675134595 3.20713490295 1.54303349962 
0.0 2.67261241912 0.925820099773 
0.866025403784 2.67261241912 0.925820099773 
0.57735026919 2.1380899353 0.308606699924 
1.44337567297 2.1380899353 0.308606699924 
0.57735026919 3.47439614486 0.77151674981 
1.44337567297 3.47439614486 0.77151674981 
1.15470053838 2.93987366104 0.154303349962 
0.288675134595 0.801783725737 2.00594354951 
1.38777878078e-16 0.267261241912 1.38873014966 
0.866025403784 0.267261241912 1.38873014966 
0.288675134595 2.1380899353 2.46885359939 
1.66533453694e-16 1.60356745147 1.85164019955 
0.866025403784 1.60356745147 1.85164019955 
0.57735026919 1.06904496765 1.2344267997 
1.44337567297 1.06904496765 1.2344267997 
1.15470053838 0.534522483825 0.617213399848 
0.288675134595 3.47439614486 2.93176364928 
3.33066907388e-16 2.93987366104 2.31455024943 
0.866025403784 2.93987366104 2.31455024943 
0.57735026919 2.40535117721 1.69733684958 
1.44337567297 2.40535117721 1.69733684958 
1.15470053838 1.87082869339 1.08012344973 
1.15470053838 3.20713490295 1.54303349962 
0.288675134595 1.06904496765 3.39467369917 
2.77555756156e-16 0.534522483825 2.77746029932 
0.866025403784 0.534522483825 2.77746029932 
0.57735026919 0.0 2.16024689947 
1.44337567297 -2.08166817117e-17 2.16024689947 
0.288675134595 2.40535117721 3.85758374905 
3.79990453637e-16 1.87082869339 3.2403703492 
0.866025403784 1.87082869339 3.2403703492 
0.57735026919 1.33630620956 2.62315694936 
1.44337567297 1.33630620956 2.62315694936 
1.15470053838 0.801783725737 2.00594354951 
3.33066907388e-16 3.20713490295 3.70328039909 
0.866025403784 3.20713490295 3.70328039909 
0.57735026919 2.67261241912 3.08606699924 
1.44337567297 2.67261241912 3.08606699924 
1.15470053838 2.1380899353 2.46885359939 
1.15470053838 3.47439614486 2.93176364928 
0.288675134595 0.0 4.32049379894 
0.288675134595 1.33630620956 4.78340384882 
4.4408920985e-16 0.801783725737 4.16619044898 
0.866025403784 0.801783725737 4.16619044898 
0.57735026919 0.267261241912 3.54897704913 
1.44337567297 0.267261241912 3.54897704913 
0.288675134595 2.67261241912 5.24631389871 
2.22044604925e-16 2.1380899353 4.62910049886 
0.866025403784 2.1380899353 4.62910049886 
0.57735026919 1.60356745147 4.01188709901 
1.44337567297 1.60356745147 4.01188709901 
1.15470053838 1.06904496765 3.39467369917 
5.55111512313e-16 3.47439614486 5.09201054875 
0.866025403784 3.47439614486 5.09201054875 
0.57735026919 2.93987366104 4.4747971489 
1.44337567297 2.93987366104 4.4747971489 
1.15470053838 2.40535117721 3.85758374905 
0.288675134595 0.267261241912 5.7092239486 
0.288675134595 1.60356745147 6.17213399848 
5.55111512313e-16 1.06904496765 5.55492059864 
0.866025403784 1.06904496765 5.55492059864 
0.57735026919 0.534522483825 4.93770719879 
1.44337567297 0.534522483825 4.93770719879 
1.15470053838 0.0 4.32049379894 
4.99600361081e-16 2.40535117721 6.01783064852 
0.866025403784 2.40535117721 6.01783064852 
0.57735026919 1.87082869339 5.40061724867 
1.44337567297 1.87082869339 5.40061724867 
1.15470053838 1.33630620956 4.78340384882 
0.57735026919 3.20713490295 5.86352729856 
1.44337567297 3.20713490295 5.86352729856 
1.15470053838 2.67261241912 5.24631389871 
0.57735026919 0.801783725737 6.32643734845 
1.44337567297 0.801783725737 6.32643734845 
1.15470053838 0.267261241912 5.7092239486 
1.15470053838 1.60356745147 6.17213399848 
